201
b52_Rep                                                       0.0000000 0.0000010 0.0770815 0.0413257 1.6463132 1.6780528 1.5087713 1.9531444 2.0035531 1.8520458 1.6562215 1.1875147 1.5427656 1.2282064 1.2087598 1.1650600 1.3903039 1.1489935 1.6562215 1.5427656 1.5427656 2.2886059 1.1875147 2.0035531 1.2208434 1.2290814 1.1346232 1.1346232 1.6811038 1.2282064 1.2759665 1.6868537 1.2208434 1.5427656 1.5812143 1.5447516 1.7955297 1.1771059 1.6138958 1.2759665 1.9917183 1.7676895 1.7579054 1.4902330 1.2686535 1.8284560 1.5376855 1.6101063 1.8607688 1.6447634 1.3259929 1.6483488 1.6380965 1.3760659 1.7172643 1.4561932 1.5947084 1.4533327 1.6182216 1.9531444 1.9253004 1.6752850 1.6431330 1.7008851 1.7085687 1.7611913 1.1799629 1.7812096 1.7934716 1.5981915 1.6158572 1.5912175 1.3882479 1.7929548 1.5441524 1.5612676 1.6472056 1.6167538 1.5542454 1.6333847 1.6953472 1.1741674 1.5915991 1.1738901 1.5976699 1.1389924 1.1339461 1.1393183 1.1453832 1.1453832 1.5933321 2.0501559 1.7945088 1.3000914 1.1826716 1.1850025 1.4393437 1.7813416 1.5775602 1.3361181 1.5180609 1.5840922 1.5032761 1.6573834 1.4351500 1.6365394 1.6612119 2.3819514 1.6067096 1.5223947 1.3904348 1.7676895 1.7566334 1.7536793 1.7579054 1.4902330 1.4328053 1.2686535 1.8284560 1.5846090 1.9253004 1.6752850 1.6431330 1.6538375 1.7008851 1.7085687 1.7498932 1.7611913 1.5264602 1.5981435 1.8442233 1.5958852 1.7662428 1.5716655 1.5878113 1.6965484 1.5376855 1.5746676 1.5680401 1.5782083 1.6101063 1.7784526 1.4541421 1.8607688 1.6447634 1.4494905 1.4280113 1.4778564 1.5013168 1.7437263 1.4656459 1.5193061 1.4861427 1.6141689 1.3259929 1.5250289 1.6483488 1.5030670 1.6380965 1.5321746 1.3760659 1.7172643 1.4561932 1.5947084 1.4797389 1.4533327 1.6182216 1.1799629 1.5729693 1.5479499 1.5701416 1.5374659 2.1863810 3.9490493 3.7348409 1.5994261 1.5736727 1.5994261 1.7066811 1.4961589 1.7458692 1.6350300 1.4727328 1.6613943 1.5803625 1.1628330 1.4766648 1.7896555 1.7934716 1.7812096 1.5846090 1.7458692 1.6350300 1.4961589 1.4727328 1.6613943 1.5803625 1.1628330 1.4766648 1.7066811 2.0260200 
b54_Rep                                                       0.0000010 0.0000000 0.0798737 0.0442167 1.7238981 1.6690461 1.5807011 2.0329172 2.1029966 1.9042476 1.7560217 1.2504339 1.7005095 1.2820487 1.2584524 1.1874387 1.4672901 1.1493824 1.7560217 1.7005095 1.7005095 2.5084646 1.2504339 2.1029966 1.2735348 1.2427666 1.1337538 1.1337538 1.7905475 1.2820487 1.4098076 1.7976655 1.2735348 1.7005095 1.7564987 1.6429796 1.9462523 1.1799581 1.8168674 1.4098076 2.0884304 1.8364935 1.7990386 1.5344712 1.2454025 1.9170559 1.6072892 1.6276997 1.9894521 1.6654158 1.3663125 1.7032987 1.7190202 1.3698317 1.8671685 1.4955466 1.6520389 1.5145424 1.7293059 2.0329172 2.0019458 1.7794858 1.7526380 1.7155273 1.8553308 1.8345649 1.1753256 1.8967792 1.9306736 1.7522113 1.6792447 1.6866387 1.3989061 1.9062533 1.5921542 1.6535390 1.7958102 1.7263954 1.6581332 1.7352702 1.7670299 1.2081997 1.6844683 1.1895237 1.6916054 1.1588384 1.1532404 1.1591986 1.1659287 1.1659287 1.6652225 2.0862952 1.8473562 1.3488488 1.2065934 1.2139783 1.5218712 2.0775619 1.6758278 1.3698641 1.5804861 1.7879630 1.4553697 1.9548192 1.5669356 1.8670488 1.8558220 2.5293017 1.6553725 1.6255704 1.4385690 1.8364935 1.7976096 1.7942820 1.7990386 1.5344712 1.4765519 1.2454025 1.9170559 1.6960906 2.0019458 1.7794858 1.7526380 1.7908496 1.7155273 1.8553308 1.7890407 1.8345649 1.6012950 1.6251438 1.9766804 1.6938942 1.8381609 1.6413610 1.6684374 1.7878140 1.6072892 1.6408942 1.6558683 1.6678326 1.6276997 1.8595771 1.4756855 1.9894521 1.6654158 1.5057778 1.4903008 1.5294115 1.5755427 1.8336153 1.4950261 1.5986509 1.5185691 1.7262069 1.3663125 1.6361290 1.7032987 1.5893851 1.7190202 1.5191482 1.3698317 1.8671685 1.4955466 1.6520389 1.5451187 1.5145424 1.7293059 1.1753256 1.6382570 1.5997288 1.6350001 1.5973119 2.1836807 4.0215794 4.0226853 1.5857560 1.5548227 1.5857560 1.7063461 1.5299054 1.8427024 1.7330397 1.5530319 1.7022796 1.5740440 1.1890183 1.5298478 1.9281836 1.9306736 1.8967792 1.6960906 1.8427024 1.7330397 1.5299054 1.5530319 1.7022796 1.5740440 1.1890183 1.5298478 1.7063461 2.0979045 
b60_Rep                                                       0.0770815 0.0798737 0.0000000 0.0745207 1.7498985 1.7272683 1.5470737 1.9356488 2.0430340 1.7726731 1.7577094 1.1284943 1.6888295 1.1823436 1.1641372 1.1312153 1.4643500 1.1403486 1.7577094 1.6888295 1.6888295 2.3866265 1.1284943 2.0430340 1.1751458 1.1733770 1.1263159 1.1263159 1.7878083 1.1823436 1.2034983 1.7937208 1.1751458 1.6888295 1.7349416 1.6952227 1.9066360 1.1493139 1.7764974 1.2034983 2.0310015 1.8186775 1.8546939 1.5396931 1.3244348 1.8352296 1.5502234 1.6555313 1.8159316 1.6505366 1.4278503 1.6988778 1.7308724 1.4907478 1.8663014 1.5971229 1.6738996 1.5905514 1.7178080 1.9356488 1.8933341 1.7385879 1.6955060 1.7590832 1.6878019 1.8168059 1.2122104 1.8648583 1.8528209 1.6684007 1.5702524 1.5093370 1.4431967 1.7634750 1.5243308 1.5758435 1.7031198 1.7020382 1.6296242 1.6170079 1.6593871 1.1532160 1.6419913 1.1330790 1.6665510 1.1141965 1.1093401 1.1145115 1.1203493 1.1203493 1.7286585 2.0543696 1.7972865 1.3785437 1.1511349 1.1432173 1.5135425 1.9773291 1.6476929 1.3228212 1.6381513 1.6459551 1.5815085 1.6925346 1.5277642 1.7765180 1.8357855 2.5312434 1.6666780 1.5851646 1.4750453 1.8186775 1.8533573 1.8502331 1.8546939 1.5396931 1.5012080 1.3244348 1.8352296 1.6342258 1.8933341 1.7385879 1.6955060 1.7461310 1.7590832 1.6878019 1.7303451 1.8168059 1.5651322 1.5872655 1.7759574 1.5741542 1.7579317 1.6075915 1.6146974 1.7457156 1.5502234 1.6446944 1.7299568 1.7215954 1.6555313 1.7734618 1.5242931 1.8159316 1.6505366 1.5387723 1.5142109 1.5773634 1.5666842 1.7414244 1.5707487 1.6643885 1.5808090 1.7072673 1.4278503 1.6300552 1.6988778 1.6369435 1.7308724 1.5268153 1.4907478 1.8663014 1.5971229 1.6738996 1.6124973 1.5905514 1.7178080 1.2122104 1.6795086 1.6525879 1.6764773 1.6466952 2.0543674 4.1120048 4.1337647 1.6107807 1.5633439 1.6107807 1.8353359 1.6025509 1.7983535 1.7244924 1.5058938 1.7415423 1.5816889 1.1367683 1.5932401 1.8581277 1.8528209 1.8648583 1.6342258 1.7983535 1.7244924 1.6025509 1.5058938 1.7415423 1.5816889 1.1367683 1.5932401 1.8353359 1.9169897 
NC_076496.1_Gemycircularvirus_Vietman                         0.0413257 0.0442167 0.0745207 0.0000000 1.6519537 1.6193734 1.5204924 1.9480901 1.9426779 1.7485064 1.6348097 1.2075664 1.5967116 1.2403861 1.2207059 1.1475560 1.4536338 1.1289283 1.6348097 1.5967116 1.5967116 2.2504675 1.2075664 1.9426779 1.2330193 1.2071876 1.1202353 1.1202353 1.6600947 1.2403861 1.2544578 1.6657921 1.2330193 1.5967116 1.6382885 1.5711828 1.8154483 1.1500190 1.6766770 1.2544578 1.9314285 1.7271885 1.8281447 1.4767869 1.3117324 1.7938739 1.5353629 1.5828416 1.8046423 1.6122241 1.3140219 1.7100448 1.6832094 1.4579161 1.7573183 1.4868621 1.6446987 1.4435558 1.6719062 1.9480901 1.8285902 1.7800868 1.6097003 1.6583238 1.7212261 1.7439831 1.1508649 1.8072393 1.7511570 1.6388488 1.5922811 1.6258182 1.4458175 1.8115823 1.5027640 1.5126695 1.6666692 1.7165737 1.5942393 1.6212051 1.7370071 1.1989614 1.5892931 1.1550775 1.5953527 1.1313899 1.1263827 1.1317137 1.1377321 1.1377321 1.5509846 2.0220279 1.7973601 1.3512691 1.1859056 1.1895233 1.4894029 1.8072442 1.6169838 1.3360303 1.5225056 1.5705430 1.5402524 1.6572681 1.4167546 1.6542709 1.6611574 2.4801151 1.6258798 1.5819201 1.4417480 1.7271885 1.8268143 1.8237096 1.8281447 1.4767869 1.4640070 1.3117324 1.7938739 1.5935420 1.8285902 1.7800868 1.6097003 1.6899425 1.6583238 1.7212261 1.6988433 1.7439831 1.5383710 1.5382868 1.8354551 1.5838140 1.6996421 1.6016102 1.6004251 1.7112110 1.5353629 1.5674851 1.5803136 1.5905891 1.5828416 1.7762328 1.4602962 1.8046423 1.6122241 1.4789946 1.4410612 1.4793269 1.4858300 1.7327695 1.5027284 1.5478902 1.5277028 1.6684305 1.3140219 1.5571392 1.7100448 1.5705787 1.6832094 1.5197979 1.4579161 1.7573183 1.4868621 1.6446987 1.4539645 1.4435558 1.6719062 1.1508649 1.5662597 1.5413676 1.5634457 1.5228902 2.2160089 4.0848520 3.7959904 1.6362743 1.5205001 1.6362743 1.7226093 1.5362802 1.7466561 1.6913226 1.4606671 1.6230788 1.5020882 1.1868783 1.4981146 1.7276060 1.7511570 1.8072393 1.5935420 1.7466561 1.6913226 1.5362802 1.4606671 1.6230788 1.5020882 1.1868783 1.4981146 1.7226093 2.0084444 
PV793856.1_Gemycircularvirus_China                            1.6463132 1.7238981 1.7498985 1.6519537 0.0000000 0.8693291 1.2101946 1.3546645 0.6141012 1.6659185 1.1333461 1.6356665 0.9799014 1.6496832 1.6563246 1.3659798 1.1969586 1.5141301 1.1333461 0.9711364 0.9711364 1.7091537 1.6356665 0.6141012 1.6715616 1.8242855 1.5141301 1.5141301 1.1242413 1.6496832 1.8339996 1.1195262 1.6715616 0.9586065 0.9254885 1.1196797 1.0762601 1.5824965 0.8992083 1.8339996 0.6095837 0.6688052 1.3387150 0.9531472 1.0359949 0.8665666 0.7679876 1.4279794 0.8418124 1.4527456 1.0576115 1.6947251 1.3146666 0.9474771 1.4071160 1.1107649 1.3160090 1.0261483 1.0079271 1.3546645 0.8342137 1.4230440 0.6969717 1.0639005 1.0176738 0.7172228 1.7036851 1.5388952 1.2609443 0.9579719 1.0899841 1.1437484 0.9572437 1.2309889 1.1151229 0.9807041 0.9743246 0.9479218 1.0313162 0.1699917 1.1314462 1.6117102 1.2377360 1.4624865 1.2408587 1.4528080 1.4589492 1.4589777 1.4626135 1.4664454 0.5057191 0.8476690 0.6100604 1.1354308 1.5052007 1.4955465 1.2556489 0.9667991 0.2404208 1.5937154 1.1563337 0.8621745 1.6582558 1.8243567 1.0517198 1.2094200 1.8111963 2.3427357 1.7409673 1.0156122 1.0534078 0.6688052 1.3379238 1.3461138 1.3387150 0.9531472 1.2542200 1.0359949 0.8665666 1.1943080 0.8342137 1.4230440 0.6969717 1.0382176 1.0639005 1.0176738 1.0163039 0.7172228 1.2073711 1.1481769 1.2216320 0.7684575 0.8969124 0.7574307 0.7491119 0.8748490 0.7679876 1.0119757 1.0572415 1.0492440 1.4279794 0.9359731 1.0432633 0.8418124 1.4527456 1.0537168 1.0234512 1.0239193 1.0412100 0.9835764 1.0122988 1.0589766 1.0413752 1.3260978 1.0576115 0.9335323 1.6947251 1.0027592 1.3146666 1.1691003 0.9474771 1.4071160 1.1107649 1.3160090 1.0323983 1.0261483 1.0079271 1.7036851 1.0694693 1.0461300 1.0702332 1.0517131 2.2892046 3.1066878 2.2446464 1.8579031 1.1099471 1.8579031 1.7991845 1.1521345 0.2907542 1.4649603 1.1566544 1.0344795 1.0709770 1.5587104 1.2319443 1.2499333 1.2609443 1.5388952 1.1943080 0.2907542 1.4649603 1.1521345 1.1566544 1.0344795 1.0709770 1.5587104 1.2319443 1.7991845 1.7516323 
PV646690.1_Genomoviridae_China                                1.6780528 1.6690461 1.7272683 1.6193734 0.8693291 0.0000000 1.0498557 1.6741357 0.9772569 1.9231575 1.2317435 1.9891180 1.0361516 2.3837901 2.3597717 2.1824989 1.4550444 2.4924337 1.2317435 1.0361516 1.0361516 1.7833969 1.9891180 0.9772569 2.4030385 2.5771271 2.4924337 2.4924337 1.2450255 2.3837901 1.9603514 1.2392357 2.4030385 1.0361516 1.0357229 0.4715918 1.0533525 2.6195195 1.0105594 1.9603514 0.9805610 0.9105714 1.6380943 1.0440846 1.0197373 0.9707565 1.0907288 1.9126086 1.0842079 1.6230217 1.0525380 2.0884399 1.3290336 1.0893153 1.5508784 1.1741045 1.2990472 1.0687693 1.1004080 1.6741357 1.1354269 1.5264489 0.7122935 1.1687239 1.0864487 0.8278606 2.3048147 1.4805121 1.1929370 1.1614403 1.2189722 1.1090995 1.0547669 1.0038287 1.0801796 1.0599156 1.1397339 1.0514903 0.9132333 0.9358485 1.0841324 2.1155797 1.6189882 2.1834064 1.6270487 2.1789832 2.1789832 2.1789832 2.1789832 2.1789832 0.6929373 1.5502604 0.9111677 1.2180426 2.0607902 2.2658554 1.4197941 1.0270173 0.8560698 1.6262131 1.0986172 0.8430751 1.7613905 1.9335357 0.9646660 1.2726887 2.1593191 2.5201980 1.7987279 1.0572000 0.9972259 0.9105714 1.6362986 1.6557594 1.6380943 1.0440846 1.2241723 1.0197373 0.9707565 1.2886861 1.1354269 1.5264489 0.7122935 0.9239457 1.1687239 1.0864487 1.0858993 0.8278606 1.0651006 1.0616186 0.9394874 1.0873081 0.9577898 1.0598030 1.0663226 1.0766910 1.0907288 0.9978708 1.0203212 1.0052538 1.9126086 1.0149368 0.9713790 1.0842079 1.6230217 1.0464383 1.0701434 0.9997735 0.9770676 1.0494450 0.9739200 1.0021893 0.9704029 1.3385215 1.0525380 1.0387542 2.0884399 1.0180342 1.3290336 0.9325279 1.0893153 1.5508784 1.1741045 1.2990472 1.0709487 1.0687693 1.1004080 2.3048147 1.0140282 1.0228499 1.0338124 1.0153429 2.2768419 3.0049910 2.1646715 2.0805283 1.0769856 2.0805283 1.5648436 1.2035912 0.9157516 1.4280182 1.1576783 1.0539269 1.0059034 2.0107408 1.1739244 1.2139626 1.1929370 1.4805121 1.2886861 0.9157516 1.4280182 1.2035912 1.1576783 1.0539269 1.0059034 2.0107408 1.1739244 1.5648436 1.7418795 
PV329706.1_Gemykibivirus_Unknown                              1.5087713 1.5807011 1.5470737 1.5204924 1.2101946 1.0498557 0.0000000 1.2138559 1.1970671 1.2367732 0.9096277 1.2354037 0.9641708 1.5538347 1.5674613 1.3713192 0.9733907 1.5512901 0.9096277 0.9627062 0.9627062 1.9921374 1.2354037 1.1970671 1.5592614 1.7792049 1.5431200 1.5431200 0.9265787 1.5538347 1.4732308 0.9230083 1.5592614 0.9627062 0.8627086 1.4136673 1.0089637 1.6223277 0.8701998 1.4732308 1.1742838 1.2593683 1.4005789 0.8125642 0.9441654 1.1722074 1.2025469 1.2550594 1.1633025 1.4671323 0.9841345 1.4344648 1.1809385 0.9735256 1.2985974 0.9574988 1.1805464 0.9878600 1.0835760 1.2138559 1.2105377 1.1317277 1.0495524 1.1679829 1.0984263 1.0394048 1.2273160 1.3229457 1.2511329 1.0655970 0.8976595 0.8793673 0.9434711 1.1603029 0.9785135 0.7908182 0.8350975 1.0535452 1.2350170 1.1495919 0.8202514 1.3735523 0.8638847 1.3180831 0.8638937 1.3106204 1.3106801 1.3038721 1.3074975 1.3109748 0.7024655 1.1336575 1.1549981 1.0939916 1.3530738 1.3648247 1.0138047 1.0770119 1.1901119 1.1384963 0.9602505 0.8568544 1.5544494 1.6797245 0.8697953 1.7008389 1.7509615 2.3349230 1.3789443 1.0431612 0.8641796 1.2593683 1.3937237 1.4033928 1.4005789 0.8125642 0.9439804 0.9441654 1.1722074 1.3954196 1.2105377 1.1317277 1.0495524 1.1205803 1.1679829 1.0984263 1.0865420 1.0394048 0.0100280 0.8219488 1.4018374 1.1856828 1.1014729 1.2054672 1.1705144 1.0568774 1.2025469 0.8884356 0.8274502 0.8312516 1.2550594 1.0824269 0.8881030 1.1633025 1.4671323 0.9226534 0.8832320 0.8959251 0.9269684 1.0844715 0.8240251 0.8300301 0.8500279 1.1459603 0.9841345 1.0365046 1.4344648 1.0697148 1.1809385 0.7846676 0.9735256 1.2985974 0.9574988 1.1805464 1.0026389 0.9878600 1.0835760 1.2273160 0.8901809 0.8991320 0.9043871 0.8864452 2.1544368 2.9788354 2.6033238 1.4007174 0.8259360 1.4007174 1.5318729 0.9949370 1.1766860 1.1866210 0.9437441 0.9622972 0.7845566 1.3345026 0.7089182 1.2630993 1.2511329 1.3229457 1.3954196 1.1766860 1.1866210 0.9949370 0.9437441 0.9622972 0.7845566 1.3345026 0.7089182 1.5318729 1.8909488 
MK433242.1_Gemycircularvirus_austro6_New_Zealand__Canterbury  1.9531444 2.0329172 1.9356488 1.9480901 1.3546645 1.6741357 1.2138559 0.0000000 1.5891551 1.6104154 1.2154931 1.6567208 1.4928067 1.5425040 1.5292168 1.4376835 1.5185941 1.6809727 1.2154931 1.4904186 1.4904186 1.7634988 1.6567208 1.5891551 1.5591297 1.7726277 1.6809727 1.6809727 1.2193190 1.5425040 1.8729764 1.2138717 1.5591297 1.4810360 1.4278185 1.6065051 1.5841296 1.7591348 1.3580482 1.8729764 1.5931970 1.3623098 1.3709112 1.3127441 1.3079330 1.2227467 1.5178442 1.5228907 1.2706669 1.4131697 1.4188143 1.6244115 1.3987360 1.2396108 1.4883025 1.3198878 1.4565898 1.3855433 1.3750317 0.0000010 1.3458830 1.6919338 1.3874791 1.2370093 1.2514972 1.3155189 1.8587770 1.5066047 1.5042103 1.2394898 1.2043949 1.2641022 1.4074617 1.4762255 1.3641041 1.2631231 1.1743544 1.2883333 1.4192207 1.3142502 1.2161292 1.5681642 1.4220471 1.4359605 1.4141986 1.4582014 1.4582436 1.4582436 1.4630651 1.4585579 1.2028018 1.2128762 1.3309934 1.3442553 1.4634755 1.4736193 1.4872967 1.5752569 1.3284517 1.3478861 1.3082092 1.4496217 1.4617064 1.7305544 1.3508272 1.9285715 1.5746538 2.1250791 1.6704519 1.2397952 1.2536141 1.3623098 1.3700886 1.3786464 1.3709112 1.3127441 1.3307543 1.3079330 1.2227467 1.3742344 1.3458830 1.6919338 1.3874791 1.3018513 1.2370093 1.2514972 1.2420474 1.3155189 1.2107312 1.2479062 1.4671480 1.4658007 1.5881469 1.5005731 1.4896576 1.2422493 1.5178442 1.2220408 1.2703392 1.2590363 1.5228907 1.1275927 1.1761506 1.2706669 1.4131697 1.2808745 1.2895119 1.2372292 1.2072214 1.1297776 1.2626120 1.2660987 1.2541345 1.4348954 1.4188143 1.1997126 1.6244115 1.3321799 1.3987360 1.3435459 1.2396108 1.4883025 1.3198878 1.4565898 1.3951548 1.3855433 1.3750317 1.8587770 1.2575638 1.2509210 1.2626885 1.2547760 2.4272883 3.2558428 3.3405726 1.6541588 1.2515899 1.6541588 0.8175032 1.2965895 1.3532314 1.5011623 1.2112928 1.3972455 1.2001915 1.5410666 1.2783498 1.5092282 1.5042103 1.5066047 1.3742344 1.3532314 1.5011623 1.2965895 1.2112928 1.3972455 1.2001915 1.5410666 1.2783498 0.8175032 1.7780169 
OQ792008.1_Gemycircularvirus_China__Heilongjiang              2.0035531 2.1029966 2.0430340 1.9426779 0.6141012 0.9772569 1.1970671 1.5891551 0.0000000 2.3260749 1.2741038 1.8115045 0.8587784 1.7198150 1.6842379 1.7389694 1.7401918 1.8480518 1.2741038 0.8587784 0.8587784 1.9455230 1.8115045 0.0000010 1.7218517 1.6307129 1.8480518 1.8480518 1.2774428 1.7198150 1.6788996 1.2716669 1.7218517 0.8587784 0.8491433 1.1894793 0.8277943 1.8181351 0.8508628 1.6788996 0.0040901 0.6805867 1.5252898 1.0819638 1.2903824 1.0492013 0.8061230 1.6400734 1.1687311 1.7336333 1.3459210 1.9937624 1.5676482 1.3396732 1.8080091 1.5980222 1.6158495 1.4229576 1.0403152 1.5891551 0.9303019 1.6605940 0.7365043 1.2593185 1.2124342 0.8777261 2.1383856 1.7932521 1.2635276 1.0249617 1.2347496 1.4588074 1.0808520 1.1822190 1.2218724 1.3108665 1.2088462 1.0547441 1.0011771 0.7312823 1.4273962 1.7555669 1.5508803 1.7222295 1.5573127 1.7195611 1.7195611 1.7186219 1.7325312 1.7073001 0.1143280 1.8517523 0.6988537 1.3018316 1.7374534 1.7564544 1.6664523 0.8760194 0.6787242 1.5547857 1.4160878 1.0343625 1.5347435 1.5870439 1.2081641 1.0672739 1.4191484 2.4586360 2.0632791 1.0471296 1.3922590 0.6805867 1.5238903 1.5388134 1.5252898 1.0819638 1.4737057 1.2903824 1.0492013 1.1923113 0.9303019 1.6605940 0.7365043 0.9734196 1.2593185 1.2124342 1.0657597 0.8777261 1.2075336 1.1682196 1.3996926 0.8069147 0.8338353 0.7645784 0.7672553 1.0684397 0.8061230 1.3179025 1.2675098 1.2665047 1.6400734 1.0669530 1.2693973 1.1687311 1.7336333 1.3668946 1.3789888 1.3243953 1.2980145 1.0526342 1.3821421 1.2527198 1.3765751 1.5661955 1.3459210 1.0707243 1.9937624 1.0031671 1.5676482 1.1737178 1.3396732 1.8080091 1.5980222 1.6158495 1.4359544 1.4229576 1.0403152 2.1383856 1.3801927 1.3815992 1.4116496 1.3727380 2.9095225 3.3456940 2.2510728 1.8445602 1.2202750 1.8445602 1.5355318 1.4222428 0.6734605 1.6701320 1.3273981 1.0573521 1.1169025 1.7627872 1.2995251 1.2741254 1.2635276 1.7932521 1.1923113 0.6734605 1.6701320 1.4222428 1.3273981 1.0573521 1.1169025 1.7627872 1.2995251 1.5355318 2.2725736 
OQ792006.1_Gemycircularvirus_China__Heilongjiang              1.8520458 1.9042476 1.7726731 1.7485064 1.6659185 1.9231575 1.2367732 1.6104154 2.3260749 0.0000000 1.5308909 1.7412698 1.9603540 2.4059678 2.3822490 1.7227606 1.6703789 2.0110722 1.5308909 1.9603540 1.9603540 1.1793184 1.7412698 2.3260749 2.4761718 3.2553394 2.0110722 2.0110722 1.5963271 2.4059678 2.3272487 1.5875438 2.4761718 1.9399935 1.9899558 2.4567524 2.0160769 1.9364968 2.0009114 2.3272487 2.2869098 1.5789626 0.8717107 1.2434242 1.0362023 1.3286470 1.6565701 0.8094718 1.4351757 0.8647897 1.2178504 1.6314557 1.4320318 1.0788032 1.3582536 1.2069541 1.3996841 1.1708767 1.5017620 1.6104154 1.3908853 1.3215930 1.5680953 1.2232744 1.6021409 1.5701871 1.6141398 1.4794370 1.6130288 1.6892328 1.3501400 1.2382966 1.3107085 1.5081047 1.2509489 1.2692824 1.2236587 1.5171113 1.6593209 1.7355267 1.1987376 1.7828736 1.6618753 1.6440454 1.6582094 1.6162207 1.6246435 1.6246435 1.6334058 1.6334058 1.8006387 1.1697804 1.4650915 1.2102502 1.6489048 1.8291386 1.6229027 2.0464762 1.7136241 1.3655470 1.1300436 1.6932565 2.5106960 2.6327912 1.3849477 2.1956406 2.9553664 2.7988179 1.7232071 1.4715313 1.2740777 1.5789626 0.8711475 0.8764134 0.8717107 1.2434242 1.2320483 1.0362023 1.3286470 1.5542668 1.3908853 1.3215930 1.5680953 1.4040798 1.2232744 1.6021409 1.4026187 1.5701871 1.2697018 1.3228890 1.5268524 1.6817580 1.8241544 1.7025220 1.6922543 1.2895306 1.6565701 1.3185621 1.3333912 1.3213805 0.8094718 1.3013225 1.2129323 1.4351757 0.8647897 1.2060142 1.1815276 1.2472556 1.3040504 1.2959089 1.1714604 1.3246007 1.1862105 1.4559930 1.2178504 1.3557733 1.6314557 1.4955018 1.4320318 1.3226811 1.0788032 1.3582536 1.2069541 1.3996841 1.1707166 1.1708767 1.5017620 1.6141398 1.2937457 1.3175393 1.2851087 1.3254779 2.4480596 3.8591757 3.4270621 2.0478350 1.3737648 2.0478350 1.8722326 1.2699341 1.7109280 1.4686021 1.2026339 1.5444698 1.2332664 1.7735173 1.3575482 1.6125065 1.6130288 1.4794370 1.5542668 1.7109280 1.4686021 1.2699341 1.2026339 1.5444698 1.2332664 1.7735173 1.3575482 1.8722326 1.7672639 
OQ792017.1_Genomoviridae_China__Heilongjiang                  1.6562215 1.7560217 1.7577094 1.6348097 1.1333461 1.2317435 0.9096277 1.2154931 1.2741038 1.5308909 0.0000000 1.9682877 1.0058234 1.8073625 1.7611734 1.7369952 1.2209505 1.9614422 0.0000010 1.0058234 1.0058234 1.8994761 1.9682877 1.2741038 1.8513238 1.9976111 1.9614422 1.9614422 0.0000010 1.8073625 1.9394587 0.0000010 1.8513238 1.0058234 1.0216574 1.1831430 1.0685245 2.0077010 1.0475688 1.9394587 1.2679744 1.3561699 1.6636460 0.7811467 0.9857479 1.2077493 1.5608171 1.8125624 1.2088284 1.6264316 0.7167706 1.7678790 1.0476047 0.9945499 1.2567819 0.6485114 1.1262671 0.5810774 1.1034712 1.2154931 1.0873102 1.4455004 1.2343346 1.1170300 1.1128383 1.2573865 2.0444773 1.2705609 1.0395981 1.0244149 1.1762880 0.8899856 0.9653333 1.0658889 1.0844472 0.7850903 0.8833002 0.9911867 1.2026309 1.0345369 0.9067173 1.8983361 1.2317330 1.6738013 1.2414864 1.6548755 1.6548755 1.6403484 1.6548755 1.6548755 1.0556224 1.8189437 1.4387836 0.6416519 1.6957476 1.7750328 1.1999056 1.0638054 1.1976977 1.4692569 0.6033334 0.9836734 1.5384078 1.7456791 0.5507170 1.4320545 1.5676281 2.0688410 1.8670617 1.0259646 0.5155853 1.3561699 1.6617213 1.6617213 1.6636460 0.7811467 0.5370256 0.9857479 1.2077493 1.3917863 1.0873102 1.4455004 1.2343346 1.0859905 1.1170300 1.1128383 1.1258490 1.2573865 0.9306375 0.9432840 1.2287917 1.5491445 1.4710361 1.5559680 1.5389968 1.2086458 1.5608171 0.5451631 0.4807447 0.4881402 1.8125624 1.1589762 0.5126083 1.2088284 1.6264316 0.5130049 0.5199250 0.5448201 0.5306921 1.2014260 0.5425037 0.4886394 0.5494844 1.0856861 0.7167706 0.9801808 1.7678790 1.0533527 1.0476047 0.9625980 0.9945499 1.2567819 0.6485114 1.1262671 0.6017085 0.5810774 1.1034712 2.0444773 0.5627641 0.5612431 0.5710473 0.5571992 2.4116667 3.0950369 2.0638330 1.7785103 0.9176431 1.7785103 1.4746464 0.6552041 1.2337774 1.2306165 0.4785811 0.9456150 0.8583505 1.7913685 0.9136681 1.0581087 1.0395981 1.2705609 1.3917863 1.2337774 1.2306165 0.6552041 0.4785811 0.9456150 0.8583505 1.7913685 0.9136681 1.4746464 1.8146407 
OQ792016.1_Genomoviridae_China__Heilongjiang                  1.1875147 1.2504339 1.1284943 1.2075664 1.6356665 1.9891180 1.2354037 1.6567208 1.8115045 1.7412698 1.9682877 0.0000000 1.8274588 1.1193938 1.1229855 0.9024152 1.4130555 0.9947682 1.9682877 1.8274588 1.8274588 2.0826148 0.0000010 1.8115045 1.1076032 1.1421540 0.9996392 0.9996392 1.9761829 1.1193938 0.0046291 1.9883716 1.1076032 1.8274588 1.8391493 1.7772557 1.7745647 1.0249749 1.8829161 0.0046291 1.8023282 1.6973169 1.3895319 1.1800016 1.2576554 1.8292696 1.6319051 1.5779579 1.8269969 1.3405564 1.4428149 1.5786013 1.4926338 1.2306506 1.5079325 1.3938467 1.6505083 1.3219441 1.7776400 1.6567208 1.6919385 1.5151224 1.6052785 1.7812391 1.8579723 1.7457547 1.2041476 1.5599881 1.9219337 1.7930566 1.3601100 1.3631773 1.2911980 1.8040869 1.3915917 1.3224585 1.4784126 1.5804809 1.5857132 1.5458624 1.4100622 0.8421774 1.5969634 0.8984330 1.5890339 0.8971218 0.9020280 0.8932955 0.9022222 0.9022222 1.3952406 1.6892785 1.6956106 1.3365941 0.8647216 0.9653841 1.3734777 1.9671102 1.6211685 1.2347609 1.3336651 1.6551207 1.8345097 1.9892734 1.5315254 1.8944643 1.9987386 1.9623400 1.5054867 1.5708962 1.4537403 1.6973169 1.3821641 1.3925580 1.3895319 1.1800016 1.4147817 1.2576554 1.8292696 1.6988366 1.6919385 1.5151224 1.6052785 1.7649325 1.7812391 1.8579723 1.6546053 1.7457547 1.2707142 1.4105948 1.6206350 1.6966416 1.7037335 1.6561604 1.6417359 1.7696052 1.6319051 1.4002422 1.4100217 1.4093713 1.5779579 1.7084655 1.3897314 1.8269969 1.3405564 1.4764213 1.4195672 1.4641196 1.4364734 1.6724434 1.4358064 1.3925175 1.4259318 1.5518277 1.4428149 1.5975247 1.5786013 1.6610774 1.4926338 1.3448211 1.2306506 1.5079325 1.3938467 1.6505083 1.3523013 1.3219441 1.7776400 1.2041476 1.4975621 1.4942115 1.5057607 1.4961154 2.1674974 3.5725007 3.2791593 1.5038254 1.3816242 1.5038254 1.9945846 1.3487249 1.6425249 1.5123740 1.2942646 1.8282147 1.3450896 0.8300172 1.5296908 1.9189725 1.9219337 1.5599881 1.6988366 1.6425249 1.5123740 1.3487249 1.2942646 1.8282147 1.3450896 0.8300172 1.5296908 1.9945846 2.0342186 
OQ792015.1_Genomoviridae_China__Heilongjiang                  1.5427656 1.7005095 1.6888295 1.5967116 0.9799014 1.0361516 0.9641708 1.4928067 0.8587784 1.9603540 1.0058234 1.8274588 0.0000000 1.9322693 1.8810750 1.8493704 1.4228709 1.9407304 1.0058234 0.0029116 0.0029116 2.1077891 1.8274588 0.8587784 1.9805680 1.9160190 1.9407304 1.9407304 1.0202261 1.9322693 1.7682989 1.0160715 1.9805680 0.0088060 0.0085600 1.0010379 0.4997884 1.9904846 0.0000010 1.7682989 0.8438931 1.1875373 1.7167072 0.8582955 1.1084566 1.1681692 1.0848811 1.8976103 1.1256651 1.7668364 1.0966257 1.8700096 1.3181411 1.0808835 1.4759825 1.1464007 1.4416246 0.9685081 0.3482479 1.4928067 1.1333865 1.2280282 0.8994400 1.2987545 0.5232683 0.9575632 1.8293047 1.4421375 0.8450526 0.3590120 1.0031745 0.9919574 0.9199606 0.9316148 1.0327387 0.8600609 0.9440688 0.1281406 0.7671342 1.0358206 1.0573379 2.1013362 1.4673351 2.0402080 1.4743952 2.0169624 1.9999578 1.9991609 2.0169624 2.0169624 0.7310360 2.0708529 1.1377617 0.9284287 2.0456649 2.1034337 1.5034357 0.4866573 0.9983570 1.6585426 1.0519336 0.9420929 1.3275808 1.5747731 0.9588615 1.0095750 1.6857890 2.2602464 2.1845595 0.1893893 0.9754629 1.1875373 1.7150011 1.7150011 1.7167072 0.8582955 1.2243204 1.1084566 1.1681692 1.0629533 1.1333865 1.2280282 0.8994400 0.7449936 1.2987545 0.5232683 1.0512873 0.9575632 0.9789421 1.0611695 1.3552259 1.1261198 1.1455922 1.0456113 1.0367993 1.2994226 1.0848811 1.0006620 0.9247325 0.9247325 1.8976103 1.2491062 0.9519863 1.1256651 1.7668364 1.0111039 1.0020299 0.9851280 0.9557836 1.1701046 0.9234385 0.9185318 0.9141375 1.2884559 1.0966257 0.1215479 1.8700096 0.1855394 1.3181411 1.1070591 1.0808835 1.4759825 1.1464007 1.4416246 0.9808651 0.9685081 0.3482479 1.8293047 1.0029924 0.9893318 1.0100988 1.0033211 2.6568441 3.2172171 2.4487474 1.7905613 1.1400114 1.7905613 1.5693180 1.0645462 1.1045737 1.4636101 1.1590840 1.0285180 1.0890283 2.1111526 0.9245421 0.8526805 0.8450526 1.4421375 1.0629533 1.1045737 1.4636101 1.0645462 1.1590840 1.0285180 1.0890283 2.1111526 0.9245421 1.5693180 2.0427647 
OQ792014.1_Genomoviridae_China__Heilongjiang                  1.2282064 1.2820487 1.1823436 1.2403861 1.6496832 2.3837901 1.5538347 1.5425040 1.7198150 2.4059678 1.8073625 1.1193938 1.9322693 0.0000000 0.0064582 0.0114452 2.1331008 0.3492802 1.8073625 1.9322693 1.9322693 2.1570806 1.1193938 1.7198150 0.0000010 0.3470538 0.3496171 0.3496171 1.8407234 0.0000010 1.0896416 1.8295058 0.0000010 1.9322693 1.9668174 2.2726124 1.6581097 0.3777188 2.1132017 1.0896416 1.6727202 1.6409599 2.0223401 1.7563754 1.7997857 2.2608728 1.8581780 2.4723939 1.8270679 2.3804733 1.9848794 1.7430979 2.0613223 1.7783035 1.8027229 2.0352007 2.1089632 2.1142517 2.0028754 1.5425040 1.7634940 2.5386294 1.9433338 2.1676652 1.8065912 2.0969500 1.7098238 2.1734667 2.0231743 1.8127940 2.0029037 1.7645284 1.7410808 1.8726085 2.0051034 1.5650532 1.9264592 1.9830186 2.2185197 1.8245520 1.6377670 0.1248146 2.5120594 0.0097288 2.4468785 0.0080868 0.0097190 0.0097166 0.0080868 0.0080868 1.3895889 2.6044056 1.6989995 1.8587492 0.0385398 0.1521841 2.1151658 1.7747264 1.6569097 1.5676112 1.9024806 2.2496213 1.5533243 2.1262029 1.8535625 1.9544211 1.7992427 2.5588837 2.3057153 2.1092346 1.8166093 1.6409599 2.0199651 2.0199651 2.0223401 1.7563754 1.8774624 1.7997857 2.2608728 1.9304144 1.7634940 2.5386294 1.9433338 2.2766820 2.1676652 1.8065912 1.8328777 2.0969500 1.5713855 1.8428039 1.7820939 1.7873860 1.7105667 1.8073340 1.7597781 2.1853668 1.8581780 1.7975994 1.7916414 1.7916888 2.4723939 2.0886635 1.8077274 1.8270679 2.3804733 1.8885660 1.8714153 1.8864195 1.8204314 2.0297718 1.9925778 1.7938501 2.0044854 2.1111696 1.9848794 2.1374128 1.7430979 1.9332061 2.0613223 1.8622042 1.7783035 1.8027229 2.0352007 2.1089632 2.1180490 2.1142517 2.0028754 1.7098238 1.8436401 1.8594975 1.8424575 1.8423586 3.4282411 3.5450593 3.6826899 1.7417183 1.8601018 1.7417183 1.9678091 2.1019925 2.0035357 2.0416334 1.7903797 1.8220711 1.7693266 0.1165282 2.0263762 2.0486833 2.0231743 2.1734667 1.9304144 2.0035357 2.0416334 2.1019925 1.7903797 1.8220711 1.7693266 0.1165282 2.0263762 1.9678091 2.5025113 
OQ792013.1_Genomoviridae_China__Heilongjiang                  1.2087598 1.2584524 1.1641372 1.2207059 1.6563246 2.3597717 1.5674613 1.5292168 1.6842379 2.3822490 1.7611734 1.1229855 1.8810750 0.0064582 0.0000000 0.0048653 2.1125168 0.3487666 1.7611734 1.8810750 1.8810750 2.1172697 1.1229855 1.6842379 0.0064995 0.3465432 0.3491027 0.3491027 1.7931219 0.0064582 1.0931144 1.7823911 0.0064995 1.8810750 1.9142879 2.2488917 1.6734417 0.3771287 2.0518362 1.0931144 1.6384882 1.6151203 1.9858485 1.7250734 1.7533717 2.2500932 1.8095851 2.4845006 1.8133051 2.3346490 1.9984965 1.7408483 2.0632041 1.7175491 1.7555671 2.0667282 2.0812502 2.0972178 1.9665578 1.5292168 1.7271022 2.4622293 1.9517750 2.1082177 1.8239117 2.0697392 1.7392165 2.1963002 1.9966859 1.8204799 1.9662925 1.8016650 1.7052971 1.8478835 2.0139443 1.5712761 1.8743595 1.9299051 2.2098788 1.7903161 1.6377670 0.1292673 2.4747683 0.0130217 2.4109805 0.0113649 0.0130085 0.0130052 0.0113649 0.0113649 1.3428391 2.6044056 1.7083643 1.8968939 0.0421194 0.1503872 2.0953907 1.7915461 1.6710752 1.5771182 1.9311189 2.1669206 1.5064400 2.0881624 1.8820059 1.9561602 1.7665943 2.5272357 2.3310644 2.0702879 1.8435921 1.6151203 1.9835243 1.9835243 1.9858485 1.7250734 1.8796413 1.7533717 2.2500932 1.9321204 1.7271022 2.4622293 1.9517750 2.2364144 2.1082177 1.8239117 1.8407046 2.0697392 1.5852162 1.8507895 1.7508958 1.7412576 1.6754180 1.7455001 1.7001383 2.1750703 1.8095851 1.7524457 1.7860993 1.7861469 2.4845006 2.0789794 1.8020972 1.8133051 2.3346490 1.8826132 1.8655267 1.8804661 1.8147431 2.0204421 2.0233355 1.7883015 2.0355322 2.1131245 1.9984965 2.0977573 1.7408483 1.8986418 2.0632041 1.8703406 1.7175491 1.7555671 2.0667282 2.0812502 2.1009772 2.0972178 1.9665578 1.7392165 1.8378554 1.8536485 1.8366769 1.8365782 3.4229104 3.5450593 3.6826899 1.6972675 1.8514891 1.6972675 1.9474732 2.1350640 2.0125123 2.0368063 1.7535939 1.8299188 1.7768442 0.1206953 1.9911343 2.0217423 1.9966859 2.1963002 1.9321204 2.0125123 2.0368063 2.1350640 1.7535939 1.8299188 1.7768442 0.1206953 1.9911343 1.9474732 2.4920374 
OQ792012.1_Genomoviridae_China__Heilongjiang                  1.1650600 1.1874387 1.1312153 1.1475560 1.3659798 2.1824989 1.3713192 1.4376835 1.7389694 1.7227606 1.7369952 0.9024152 1.8493704 0.0114452 0.0048653 0.0000000 1.3804603 0.3437828 1.7369952 1.8493704 1.8493704 2.1270862 0.9024152 1.7389694 0.0114452 0.3462152 0.3425594 0.3425594 1.7613600 0.0114452 1.1099690 1.7613600 0.0114452 1.8493704 1.8980736 2.0932303 1.7021382 0.3622486 2.0001586 1.1099690 1.6993046 1.4525460 1.4087139 1.4081627 1.2153095 1.7559689 1.5257358 1.6503699 1.5711803 1.4515883 1.5693704 1.5126150 1.5238502 1.2769504 1.3641752 1.4088549 1.5035015 1.4005814 1.5423184 1.4376835 1.3294878 1.6602863 1.5512743 1.5552918 1.7234568 1.6849385 1.1632195 1.5222394 1.8740611 1.6607029 1.5011887 1.3981775 1.3233454 1.6897871 1.5404542 1.1710264 1.3228492 1.5491239 1.7115940 1.4788261 1.2617337 0.1358004 1.6197581 0.0314881 1.5893985 0.0300921 0.0311632 0.0300947 0.0300994 0.0300994 1.3232237 1.4191588 1.4825629 1.3871289 0.0443486 0.1650951 1.3965011 1.7631561 1.3280397 1.2782671 1.3579776 1.8542185 1.4894224 2.0875560 1.8793952 1.9803947 1.7660406 2.2246344 1.4715542 1.5846375 1.4506943 1.4525460 1.4077452 1.4178873 1.4087139 1.4081627 1.3601760 1.2153095 1.7559689 1.7937455 1.3294878 1.6602863 1.5512743 1.7979793 1.5552918 1.7234568 1.3863303 1.6849385 1.3754687 1.3663945 1.8006378 1.4734283 1.4203436 1.4884153 1.4591211 1.7648623 1.5257358 1.3728706 1.3928531 1.4002562 1.6503699 1.7662618 1.3637947 1.5711803 1.4515883 1.4427783 1.4123705 1.4405946 1.3748563 1.6530083 1.4848453 1.3696338 1.4864894 1.5238551 1.5693704 1.6492225 1.5126150 1.5416090 1.5238502 1.4157147 1.2769504 1.3641752 1.4088549 1.5035015 1.3845422 1.4005814 1.5423184 1.1632195 1.4445135 1.4424205 1.4349494 1.4441663 2.2218385 2.9603451 2.9546900 1.2710184 1.3457834 1.2710184 1.8957904 1.4089226 1.4527090 1.4861243 1.2681941 1.8472279 1.3656697 0.1356742 1.4662906 1.8754545 1.8740611 1.5222394 1.7937455 1.4527090 1.4861243 1.4089226 1.2681941 1.8472279 1.3656697 0.1356742 1.4662906 1.8957904 2.0983962 
OQ792011.1_Genomoviridae_China__Heilongjiang                  1.3903039 1.4672901 1.4643500 1.4536338 1.1969586 1.4550444 0.9733907 1.5185941 1.7401918 1.6703789 1.2209505 1.4130555 1.4228709 2.1331008 2.1125168 1.3804603 0.0000000 1.6681271 1.2209505 1.4228709 1.4228709 2.2633447 1.4130555 1.7401918 2.1331008 2.4396807 1.6681271 1.6681271 1.2265880 2.1331008 1.9189534 1.2265880 2.1331008 1.4228709 1.3599338 1.6396358 1.2623290 1.6530152 1.3689161 1.9189534 1.7595585 1.3497836 1.4887815 0.9191096 1.0672018 1.4191331 1.3775020 1.5290714 1.5662508 1.5673751 1.1443215 1.6692811 1.2444797 1.0166620 1.1916236 1.1255616 1.2338474 1.1221671 1.3548969 1.5185941 1.2929041 1.2217929 1.1960823 1.3563388 1.2753422 1.3805036 1.4566419 1.2028993 1.5705371 1.2114862 1.0875604 0.9774945 1.0474835 1.5096282 0.9786820 0.8580453 1.0075307 1.2568202 1.2685382 1.1559186 0.8694392 1.4466972 0.4552881 1.4084351 0.4585543 1.4057784 1.4058321 1.3911441 1.4061719 1.4061719 0.9248576 1.1666085 1.3057098 1.0522837 1.3808866 1.6683711 0.0115168 1.2245746 1.2562043 1.4678664 1.1716410 1.2484082 1.9898467 1.6185770 1.1600677 1.6370643 1.5947872 2.6352198 1.1920193 1.3704090 1.0910299 1.3497836 1.4877462 1.4987142 1.4887815 0.9191096 1.1844939 1.0672018 1.4191331 1.4336377 1.2929041 1.2217929 1.1960823 1.2944797 1.3563388 1.2753422 1.2928357 1.3805036 0.9731138 1.0896692 1.7659863 1.3420348 1.5663213 1.3609279 1.3671527 1.3802777 1.3775020 1.1692651 1.2887711 1.2954597 1.5290714 1.3390290 1.1409090 1.5662508 1.5673751 1.1093809 1.0760419 1.1323059 1.2064109 1.4031893 1.1748347 1.2909596 1.1552870 1.2058386 1.1443215 1.3318592 1.6692811 1.2851463 1.2444797 1.0789701 1.0166620 1.1916236 1.1255616 1.2338474 1.1393005 1.1221671 1.3548969 1.4566419 1.1626555 1.1676840 1.1654318 1.1631331 1.9039005 3.3966134 2.8049708 1.6784359 1.0565812 1.6784359 1.6934274 1.1831240 1.1550534 1.2938554 1.1000355 1.2586046 1.0476675 1.4810673 0.8715839 1.5596109 1.5705371 1.2028993 1.4336377 1.1550534 1.2938554 1.1831240 1.1000355 1.2586046 1.0476675 1.4810673 0.8715839 1.6934274 1.9947603 
OQ792010.1_Genomoviridae_China__Heilongjiang                  1.1489935 1.1493824 1.1403486 1.1289283 1.5141301 2.4924337 1.5512901 1.6809727 1.8480518 2.0110722 1.9614422 0.9947682 1.9407304 0.3492802 0.3487666 0.3437828 1.6681271 0.0000000 1.9614422 1.9407304 1.9407304 2.6415179 0.9947682 1.8480518 0.3470538 0.0000010 0.0010053 0.0010053 2.0045200 0.3492802 1.1462823 2.0045200 0.3470538 1.9407304 1.9485673 2.1055921 1.6862963 0.0233190 1.9439797 1.1462823 1.8382710 1.5063607 1.6971237 1.6053544 1.3491372 1.8575303 1.6386311 1.9047833 1.8432882 1.6942079 1.6258839 1.7130062 1.5478228 1.5086698 1.5360901 1.5184315 1.6447624 1.5718771 1.8252816 1.6809727 1.6880411 1.8011077 1.7169500 1.8918009 1.6515119 1.7155007 1.3251328 1.5806038 1.7908109 1.6975506 1.7310997 1.4903119 1.3727117 1.6413384 1.6202574 1.5065723 1.5038570 1.6286911 1.7809950 1.6236127 1.3869920 0.3686660 1.6414416 0.3479939 1.6318682 0.3426565 0.3466078 0.3427470 0.3447620 0.3447620 1.3889036 1.7414599 1.4588870 1.4993435 0.3537944 0.3713581 1.6599596 1.7566265 1.4546609 1.2925878 1.4199960 2.4612486 1.7492554 1.8087000 1.9950497 1.9427157 1.6917580 2.5168718 1.5699978 1.6746436 1.5757328 1.5063607 1.6959394 1.7088369 1.6971237 1.6053544 1.4984975 1.3491372 1.8575303 1.7444266 1.6880411 1.8011077 1.7169500 1.9056344 1.8918009 1.6515119 1.7573770 1.7155007 1.5728040 1.7306028 1.9438022 1.6059297 1.6007541 1.6092695 1.5846973 1.9554562 1.6386311 1.5542631 1.5369156 1.5359577 1.9047833 1.9975660 1.5680020 1.8432882 1.6942079 1.5789592 1.5878284 1.5822314 1.5563882 1.9474326 1.5641391 1.5136447 1.5632981 1.5738895 1.6258839 1.7669593 1.7130062 1.6281469 1.5478228 1.7012872 1.5086698 1.5360901 1.5184315 1.6447624 1.5772729 1.5718771 1.8252816 1.3251328 1.5954325 1.5767646 1.5845794 1.5787035 2.1550434 3.1663401 2.8114760 1.5126959 1.6462822 1.5126959 2.2306167 1.4898003 1.5489937 1.6907740 1.4763521 2.1918910 1.5546327 0.3500411 1.5403570 1.8104023 1.7908109 1.5806038 1.7444266 1.5489937 1.6907740 1.4898003 1.4763521 2.1918910 1.5546327 0.3500411 1.5403570 2.2306167 2.2927254 
OQ792009.1_Genomoviridae_China__Heilongjiang                  1.6562215 1.7560217 1.7577094 1.6348097 1.1333461 1.2317435 0.9096277 1.2154931 1.2741038 1.5308909 0.0000010 1.9682877 1.0058234 1.8073625 1.7611734 1.7369952 1.2209505 1.9614422 0.0000000 1.0058234 1.0058234 1.8994761 1.9682877 1.2741038 1.8513238 1.9976111 1.9614422 1.9614422 0.0000010 1.8073625 1.9394587 0.0000010 1.8513238 1.0058234 1.0216574 1.1831430 1.0685245 2.0077010 1.0475688 1.9394587 1.2679744 1.3561699 1.6636460 0.7811467 0.9857479 1.2077493 1.5608171 1.8125624 1.2088284 1.6264316 0.7167706 1.7678790 1.0476047 0.9945499 1.2567819 0.6485114 1.1262671 0.5810774 1.1034712 1.2154931 1.0873102 1.4455004 1.2343346 1.1170300 1.1128383 1.2573865 2.0444773 1.2705609 1.0395981 1.0244149 1.1762880 0.8899856 0.9653333 1.0658889 1.0844472 0.7850903 0.8833002 0.9911867 1.2026309 1.0345369 0.9067173 1.8983361 1.2317330 1.6738013 1.2414864 1.6548755 1.6548755 1.6403484 1.6548755 1.6548755 1.0556224 1.8189437 1.4387836 0.6416519 1.6957476 1.7750328 1.1999056 1.0638054 1.1976977 1.4692569 0.6033334 0.9836734 1.5384078 1.7456791 0.5507170 1.4320545 1.5676281 2.0688410 1.8670617 1.0259646 0.5155853 1.3561699 1.6617213 1.6617213 1.6636460 0.7811467 0.5370256 0.9857479 1.2077493 1.3917863 1.0873102 1.4455004 1.2343346 1.0859905 1.1170300 1.1128383 1.1258490 1.2573865 0.9306375 0.9432840 1.2287917 1.5491445 1.4710361 1.5559680 1.5389968 1.2086458 1.5608171 0.5451631 0.4807447 0.4881402 1.8125624 1.1589762 0.5126083 1.2088284 1.6264316 0.5130049 0.5199250 0.5448201 0.5306921 1.2014260 0.5425037 0.4886394 0.5494844 1.0856861 0.7167706 0.9801808 1.7678790 1.0533527 1.0476047 0.9625980 0.9945499 1.2567819 0.6485114 1.1262671 0.6017085 0.5810774 1.1034712 2.0444773 0.5627641 0.5612431 0.5710473 0.5571992 2.4116667 3.0950369 2.0638330 1.7785103 0.9176431 1.7785103 1.4746464 0.6552041 1.2337774 1.2306165 0.4785811 0.9456150 0.8583505 1.7913685 0.9136681 1.0581087 1.0395981 1.2705609 1.3917863 1.2337774 1.2306165 0.6552041 0.4785811 0.9456150 0.8583505 1.7913685 0.9136681 1.4746464 1.8146407 
