45
b52_Rep                                                      0.0000000 0.0000010 0.0773738 0.0414623 1.8081192 2.1729501 1.9168585 2.0072381 2.1436011 2.0712636 1.3009134 1.9413535 1.5226551 1.7553126 1.6258595 1.5702581 1.5990573 1.7139439 1.7315591 1.5179964 1.6160538 1.7315591 1.5179964 1.3794756 1.5304962 1.4767230 1.3794756 1.5304962 1.9281868 1.9281868 1.9704603 2.0342322 1.8121390 1.7014346 1.7014346 1.1035541 1.1035541 1.3284765 1.3284765 1.7300079 1.7273089 1.5660553 1.5660553 2.1923573 3.2304071 
b54_Rep                                                      0.0000010 0.0000000 0.0801747 0.0443664 1.8211702 2.3886790 1.9715336 2.0450012 2.0022747 2.2036529 1.3442902 2.0283004 1.6025626 1.7902417 1.6807857 1.6222546 1.6398908 1.7590982 1.8322047 1.5340282 1.6780206 1.8322047 1.5340282 1.4001251 1.5632745 1.5095817 1.4001251 1.5632745 1.9088803 1.9088803 2.1274120 2.2472362 1.9342774 1.7639814 1.7639814 1.0805347 1.0805347 1.3535560 1.3535560 1.8303799 1.8271881 1.5254403 1.5254403 2.3678788 3.4019341 
b60_Rep                                                      0.0773738 0.0801747 0.0000000 0.0748367 1.8633726 2.1691530 1.9503809 1.9149090 2.1699737 2.2119330 1.2186730 2.0726662 1.5605606 1.8058171 1.6195651 1.7130871 1.7356119 1.8207688 1.8043735 1.4897135 1.5633546 1.8043735 1.4897135 1.3823728 1.5755202 1.4931170 1.3823728 1.5755202 1.9551642 1.9551642 2.1113280 2.2177346 1.9045970 1.7697874 1.7697874 1.1252986 1.1252986 1.3382324 1.3382324 1.8027488 1.7999106 1.5928823 1.5928823 2.1271740 3.2788653 
NC_076496.1_Gemycircularvirus_Vietman                        0.0414623 0.0443664 0.0748367 0.0000000 1.8350024 2.1634380 1.8854716 1.8922306 2.1350422 2.0649936 1.3168379 2.0138374 1.5863714 1.7368594 1.6050519 1.5899722 1.6320925 1.7076949 1.8110629 1.4635960 1.5545914 1.8110629 1.4635960 1.4318855 1.6106999 1.5652336 1.4318855 1.6106999 1.9825754 1.9825754 2.0609434 2.1146508 1.9002636 1.7777695 1.7777695 1.1349559 1.1349559 1.3847717 1.3847717 1.8094312 1.8065797 1.6214048 1.6214048 2.2401861 3.1008740 
PV793856.1_Gemycircularvirus_China                           1.8081192 1.8211702 1.8633726 1.8350024 0.0000000 1.4968519 0.6075717 1.7199743 0.8576831 1.1201806 1.9409090 1.0178848 1.9763433 1.3946760 1.1170886 1.2121548 1.1572604 1.2026759 1.4801543 1.6322007 1.7638662 1.4801543 1.6322007 1.1806430 1.1168508 1.1042015 1.1806430 1.1168508 1.8201544 1.8201544 1.4761881 1.6620231 1.6331094 1.4709425 1.4709425 1.8298240 1.8298240 1.6862376 1.6862376 1.4790570 1.4879582 1.8103496 1.8103496 2.0536792 2.7824519 
MK433242.1_Gemycircularvirus_austro6_New_Zealand__Canterbury 2.1729501 2.3886790 2.1691530 2.1634380 1.4968519 0.0000000 1.8204795 1.8439041 2.0370544 1.3575258 1.9097557 1.4802387 1.9050753 1.3544088 1.5166287 1.5227988 1.3477289 1.4939631 1.3859240 1.7015149 1.4119894 1.3859240 1.7015149 1.4026117 1.3640865 1.5710413 1.4026117 1.3640865 1.7274435 1.7274435 1.6254510 1.7800902 1.7103653 1.6842875 1.6842875 1.8236510 1.8236510 1.7888238 1.7888238 1.3848517 1.3934180 1.7684327 1.7684327 2.0941016 3.4712104 
OQ792008.1_Gemycircularvirus_China__Heilongjiang             1.9168585 1.9715336 1.9503809 1.8854716 0.6075717 1.8204795 0.0000000 2.2838650 1.0071316 1.2524540 2.1657832 0.9064533 1.9018929 1.2719022 1.0610054 1.3767103 1.4198710 1.4724168 1.7232016 1.8733613 2.0132054 1.7232016 1.8733613 1.1883151 1.2265003 1.0866446 1.1883151 1.2265003 2.3056269 2.3056269 1.6330502 1.8632505 1.8372992 1.6201501 1.6201501 2.0539363 2.0539363 2.0314030 2.0314030 1.7211273 1.7211273 2.0390858 2.0390858 2.1510415 3.0466912 
OQ792006.1_Gemycircularvirus_China__Heilongjiang             2.0072381 2.0450012 1.9149090 1.8922306 1.7199743 1.8439041 2.2838650 0.0000000 2.0898364 1.5228058 1.6836189 1.7538792 2.3764586 1.4017775 1.3769262 1.3270628 1.3402774 1.2745834 0.9049024 0.8481847 0.9094665 0.9049024 0.8481847 1.0951150 1.1135669 1.3642730 1.0951150 1.1135669 1.7633332 1.7633332 1.5072024 1.4705592 1.5808251 1.4140629 1.4140629 1.7170580 1.7170580 1.7535055 1.7535055 0.9043750 0.9098524 1.8840925 1.8840925 2.0087027 3.3572458 
PV646690.1_Genomoviridae_China                               2.1436011 2.0022747 2.1699737 2.1350422 0.8576831 2.0370544 1.0071316 2.0898364 0.0000000 1.2950228 2.3352648 1.0736766 2.4493680 1.1787471 1.1492335 1.1210410 1.1840310 1.0647705 1.9356364 2.0992006 2.0120848 1.9356364 2.0992006 1.0062444 1.1372359 1.0723476 1.0062444 1.1372359 2.1877419 2.1877419 1.4480558 1.6948820 1.5193152 1.7459437 1.7459437 2.6454924 2.6454924 2.3527822 2.3527822 1.9328606 1.9328606 2.1805724 2.1805724 2.1239507 3.8305559 
OQ792017.1_Genomoviridae_China__Heilongjiang                 2.0712636 2.2036529 2.2119330 2.0649936 1.1201806 1.3575258 1.2524540 1.5228058 1.2950228 0.0000000 2.5828800 1.0042106 2.1625519 1.0823346 0.8055098 0.6843780 0.6183014 0.5772923 1.7419546 1.9109039 1.8000601 1.7419546 1.9109039 0.9945494 1.0399760 1.0817288 0.9945494 1.0399760 2.1880744 2.1880744 1.0817712 1.3323281 1.2002640 1.4418474 1.4418474 2.2712313 2.2712313 2.2090158 2.2090158 1.7401725 1.7401725 1.8467428 1.8467428 2.0482263 2.6906435 
OQ792016.1_Genomoviridae_China__Heilongjiang                 1.3009134 1.3442902 1.2186730 1.3168379 1.9409090 1.9097557 2.1657832 1.6836189 2.3352648 2.5828800 0.0000000 2.2190030 1.2836240 1.5190981 1.4844220 1.6376161 1.6452765 1.6720953 1.4061994 1.6582097 1.5116153 1.4061994 1.6582097 1.4855917 1.4081580 1.3906365 1.4855917 1.4081580 1.7543919 1.7543919 1.6522673 1.8411226 1.8780428 1.5289837 1.5289837 1.1511059 1.1511059 1.0077713 1.0077713 1.3988533 1.4089888 1.5817251 1.5817251 2.2239304 3.5244201 
OQ792015.1_Genomoviridae_China__Heilongjiang                 1.9413535 2.0283004 2.0726662 2.0138374 1.0178848 1.4802387 0.9064533 1.7538792 1.0736766 1.0042106 2.2190030 0.0000000 2.3572012 0.9867383 0.9423106 1.1078251 1.1377319 1.0282393 1.8389149 1.8156991 1.9681030 1.8389149 1.8156991 1.0269925 1.0234486 0.9676457 1.0269925 1.0234486 1.9942783 1.9942783 1.2758374 1.6531899 1.5503157 1.2730609 1.2730609 2.1002699 2.1002699 2.4983309 2.4983309 1.8365114 1.8365114 1.6613970 1.6613970 2.1153383 3.1205843 
OQ792014.1_Genomoviridae_China__Heilongjiang                 1.5226551 1.6025626 1.5605606 1.5863714 1.9763433 1.9050753 1.9018929 2.3764586 2.4493680 2.1625519 1.2836240 2.3572012 0.0000000 1.8027537 1.9543999 2.5132698 2.1460040 2.4767494 2.1364785 2.2858182 2.3512215 2.1364785 2.2858182 1.8952371 1.8271701 1.8731396 1.8952371 1.8271701 2.5342778 2.5342778 2.6694150 2.3014044 2.5368822 3.0375793 3.0375793 1.4672990 1.4672990 0.1189522 0.1189522 2.1332571 2.1332571 2.1219997 2.1219997 2.8192069 3.6262806 
PV329706.1_Gemykibivirus_Unknown                             1.7553126 1.7902417 1.8058171 1.7368594 1.3946760 1.3544088 1.2719022 1.4017775 1.1787471 1.0823346 1.5190981 0.9867383 1.8027537 0.0000000 0.8907240 1.0360906 1.0750883 1.2455031 1.5765120 1.4453651 1.6356436 1.5765120 1.4453651 1.0036219 1.1009314 1.0608202 1.0036219 1.1009314 1.6040204 1.6040204 1.3938995 1.5527718 1.4336437 1.1536358 1.1536358 1.3861015 1.3861015 1.5240282 1.5240282 1.5690871 1.5793297 1.5958197 1.5958197 2.0635568 3.0259919 
NC_076408.1_Gemykibivirus_planta2_USA                        1.6258595 1.6807857 1.6195651 1.6050519 1.1170886 1.5166287 1.0610054 1.3769262 1.1492335 0.8055098 1.4844220 0.9423106 1.9543999 0.8907240 0.0000000 0.8994197 0.7855072 0.8096502 1.3239758 1.4322424 1.3393495 1.3239758 1.4322424 0.9078116 0.9175090 0.8922407 0.9078116 0.9175090 1.6043097 1.6043097 1.3447446 1.2574422 1.3070094 1.1162786 1.1162786 1.4730838 1.4730838 1.5875128 1.5875128 1.3229283 1.3312081 1.6789607 1.6789607 1.9106557 2.3215901 
NC_076366.1_Gemykibivirus_hydro3_Brazil                      1.5702581 1.6222546 1.7130871 1.5899722 1.2121548 1.5227988 1.3767103 1.3270628 1.1210410 0.6843780 1.6376161 1.1078251 2.5132698 1.0360906 0.8994197 0.0000000 0.6593746 0.6218024 1.5164268 1.6501531 1.4674556 1.5164268 1.6501531 0.9772382 1.0374857 1.0671102 0.9772382 1.0374857 1.9226396 1.9226396 1.2059943 1.2716892 1.1638498 1.1051686 1.1051686 1.5787065 1.5787065 1.8805653 1.8805653 1.5152577 1.5247959 1.7583740 1.7583740 1.9433519 3.4003633 
NC_076361.1_Gemykibivirus_hydro1_Brazil                      1.5990573 1.6398908 1.7356119 1.6320925 1.1572604 1.3477289 1.4198710 1.3402774 1.1840310 0.6183014 1.6452765 1.1377319 2.1460040 1.0750883 0.7855072 0.6593746 0.0000000 0.3188806 1.3717371 1.3580414 1.3944336 1.3717371 1.3580414 0.7267254 0.7243971 0.8452429 0.7267254 0.7243971 1.6790376 1.6790376 1.0842203 1.1849543 1.1416309 1.0907042 1.0907042 1.6874887 1.6874887 1.6787501 1.6787501 1.3709558 1.3795728 1.7024899 1.7024899 1.9832671 3.2401378 
NC_076359.1_Gemykibivirus_hydro2_Brazil                      1.7139439 1.7590982 1.8207688 1.7076949 1.2026759 1.4939631 1.4724168 1.2745834 1.0647705 0.5772923 1.6720953 1.0282393 2.4767494 1.2455031 0.8096502 0.6218024 0.3188806 0.0000000 1.2530740 1.4009466 1.3439064 1.2530740 1.4009466 0.7871806 0.8415885 0.9434925 0.7871806 0.8415885 1.7830530 1.7830530 1.1052507 1.2106223 1.2146625 1.1515865 1.1515865 1.7511710 1.7511710 1.8064845 1.8064845 1.2521202 1.2595614 1.5940101 1.5940101 2.0620073 2.9852076 
NC_076469.1_Gemykolovirus_citas1_Tunisia                     1.7315591 1.8322047 1.8043735 1.8110629 1.4801543 1.3859240 1.7232016 0.9049024 1.9356364 1.7419546 1.4061994 1.8389149 2.1364785 1.5765120 1.3239758 1.5164268 1.3717371 1.2530740 0.0000000 0.6013493 0.3048040 0.0000010 0.6013493 1.3113572 1.3380070 1.4395075 1.3113572 1.3380070 1.5660782 1.5660782 1.6303670 1.5453423 1.5968385 1.3598575 1.3598575 1.6689727 1.6689727 1.5281228 1.5281228 0.0008711 0.0017448 1.8494659 1.8494659 2.2171991 3.1650586 
NC_076377.1_Gemykolovirus_gopha2_USA                         1.5179964 1.5340282 1.4897135 1.4635960 1.6322007 1.7015149 1.8733613 0.8481847 2.0992006 1.9109039 1.6582097 1.8156991 2.2858182 1.4453651 1.4322424 1.6501531 1.3580414 1.4009466 0.6013493 0.0000000 0.5944572 0.6013493 0.0000010 1.5721421 1.6522693 1.4885850 1.5721421 1.6522693 1.7569133 1.7569133 1.6599973 1.6820789 1.7084085 1.5512736 1.5512736 1.5857893 1.5857893 1.7867210 1.7867210 0.5989643 0.6021062 1.9060189 1.9060189 2.0660136 2.5477829 
NC_076375.1_Gemykolovirus_gopha1_USA                         1.6160538 1.6780206 1.5633546 1.5545914 1.7638662 1.4119894 2.0132054 0.9094665 2.0120848 1.8000601 1.5116153 1.9681030 2.3512215 1.6356436 1.3393495 1.4674556 1.3944336 1.3439064 0.3048040 0.5944572 0.0000000 0.3048040 0.5944572 1.2764529 1.4288263 1.6312211 1.2764529 1.4288263 1.6284392 1.6284392 1.6520608 1.5721881 1.6651242 1.6209415 1.6209415 1.4467622 1.4467622 1.7281912 1.7281912 0.3032746 0.3051117 1.5940039 1.5940039 2.0758838 3.3187662 
MN708482.1_Gemykolovirus_citas1_Tunisia                      1.7315591 1.8322047 1.8043735 1.8110629 1.4801543 1.3859240 1.7232016 0.9049024 1.9356364 1.7419546 1.4061994 1.8389149 2.1364785 1.5765120 1.3239758 1.5164268 1.3717371 1.2530740 0.0000010 0.6013493 0.3048040 0.0000000 0.6013493 1.3113572 1.3380070 1.4395075 1.3113572 1.3380070 1.5660782 1.5660782 1.6303670 1.5453423 1.5968385 1.3598575 1.3598575 1.6689727 1.6689727 1.5281228 1.5281228 0.0008711 0.0017448 1.8494659 1.8494659 2.2171991 3.1650586 
MK570213.1_Gemykolovirus_gopha2_USA                          1.5179964 1.5340282 1.4897135 1.4635960 1.6322007 1.7015149 1.8733613 0.8481847 2.0992006 1.9109039 1.6582097 1.8156991 2.2858182 1.4453651 1.4322424 1.6501531 1.3580414 1.4009466 0.6013493 0.0000010 0.5944572 0.6013493 0.0000000 1.5721421 1.6522693 1.4885850 1.5721421 1.6522693 1.7569133 1.7569133 1.6599973 1.6820789 1.7084085 1.5512736 1.5512736 1.5857893 1.5857893 1.7867210 1.7867210 0.5989643 0.6021062 1.9060189 1.9060189 2.0660136 2.5477829 
NC_076407.1_Gemygorvirus_opunt1_France                       1.3794756 1.4001251 1.3823728 1.4318855 1.1806430 1.4026117 1.1883151 1.0951150 1.0062444 0.9945494 1.4855917 1.0269925 1.8952371 1.0036219 0.9078116 0.9772382 0.7267254 0.7871806 1.3113572 1.5721421 1.2764529 1.3113572 1.5721421 0.0000000 0.2969949 0.5579692 0.0000010 0.2969949 1.6046033 1.6046033 1.1671853 1.4460160 1.1971411 1.1898142 1.1898142 1.3908398 1.3908398 1.4511217 1.4511217 1.3103351 1.3183956 1.7173694 1.7173694 2.0824227 2.5602221 
NC_076363.1_Gemygorvirus_hydro1_Brazil                       1.5304962 1.5632745 1.5755202 1.6106999 1.1168508 1.3640865 1.2265003 1.1135669 1.1372359 1.0399760 1.4081580 1.0234486 1.8271701 1.1009314 0.9175090 1.0374857 0.7243971 0.8415885 1.3380070 1.6522693 1.4288263 1.3380070 1.6522693 0.2969949 0.0000000 0.6081795 0.2969949 0.0000010 1.6545535 1.6545535 1.2704580 1.3220638 1.3076552 1.0887108 1.0887108 1.3590919 1.3590919 1.4590446 1.4590446 1.3369679 1.3452004 1.5982807 1.5982807 2.0509031 2.5918186 
OL704845.1_Gemygorvirus_Argentina                            1.4767230 1.5095817 1.4931170 1.5652336 1.1042015 1.5710413 1.0866446 1.3642730 1.0723476 1.0817288 1.3906365 0.9676457 1.8731396 1.0608202 0.8922407 1.0671102 0.8452429 0.9434925 1.4395075 1.4885850 1.6312211 1.4395075 1.4885850 0.5579692 0.6081795 0.0000000 0.5579692 0.6081795 1.4797320 1.4797320 1.2041188 1.4200732 1.3132973 1.1566624 1.1566624 1.5091277 1.5091277 1.5351256 1.5351256 1.4383892 1.4474037 1.5719127 1.5719127 2.2067012 2.8171270 
MK947373.1_Gemygorvirus_opunt1_France                        1.3794756 1.4001251 1.3823728 1.4318855 1.1806430 1.4026117 1.1883151 1.0951150 1.0062444 0.9945494 1.4855917 1.0269925 1.8952371 1.0036219 0.9078116 0.9772382 0.7267254 0.7871806 1.3113572 1.5721421 1.2764529 1.3113572 1.5721421 0.0000010 0.2969949 0.5579692 0.0000000 0.2969949 1.6046033 1.6046033 1.1671853 1.4460160 1.1971411 1.1898142 1.1898142 1.3908398 1.3908398 1.4511217 1.4511217 1.3103351 1.3183956 1.7173694 1.7173694 2.0824227 2.5602221 
MK483078.1_Gemygorvirus_hydro1_Brazil                        1.5304962 1.5632745 1.5755202 1.6106999 1.1168508 1.3640865 1.2265003 1.1135669 1.1372359 1.0399760 1.4081580 1.0234486 1.8271701 1.1009314 0.9175090 1.0374857 0.7243971 0.8415885 1.3380070 1.6522693 1.4288263 1.3380070 1.6522693 0.2969949 0.0000010 0.6081795 0.2969949 0.0000000 1.6545535 1.6545535 1.2704580 1.3220638 1.3076552 1.0887108 1.0887108 1.3590919 1.3590919 1.4590446 1.4590446 1.3369679 1.3452004 1.5982807 1.5982807 2.0509031 2.5918186 
NC_076365.1_Gemykroznavirus_hydro1_Brazil                    1.9281868 1.9088803 1.9551642 1.9825754 1.8201544 1.7274435 2.3056269 1.7633332 2.1877419 2.1880744 1.7543919 1.9942783 2.5342778 1.6040204 1.6043097 1.9226396 1.6790376 1.7830530 1.5660782 1.7569133 1.6284392 1.5660782 1.7569133 1.6046033 1.6545535 1.4797320 1.6046033 1.6545535 0.0000000 0.0000010 1.6723363 1.9788646 1.7630033 1.9675242 1.9675242 1.6439673 1.6439673 1.9469437 1.9469437 1.5584223 1.5689839 2.0536091 2.0536091 2.1901736 4.3550588 
MK483082.1_Gemykroznavirus_hydro1_Brazil                     1.9281868 1.9088803 1.9551642 1.9825754 1.8201544 1.7274435 2.3056269 1.7633332 2.1877419 2.1880744 1.7543919 1.9942783 2.5342778 1.6040204 1.6043097 1.9226396 1.6790376 1.7830530 1.5660782 1.7569133 1.6284392 1.5660782 1.7569133 1.6046033 1.6545535 1.4797320 1.6046033 1.6545535 0.0000010 0.0000000 1.6723363 1.9788646 1.7630033 1.9675242 1.9675242 1.6439673 1.6439673 1.9469437 1.9469437 1.5584223 1.5689839 2.0536091 2.0536091 2.1901736 4.3550588 
NC_076364.1_Gemyduguivirus_hydro2_Brazil                     1.9704603 2.1274120 2.1113280 2.0609434 1.4761881 1.6254510 1.6330502 1.5072024 1.4480558 1.0817712 1.6522673 1.2758374 2.6694150 1.3938995 1.3447446 1.2059943 1.0842203 1.1052507 1.6303670 1.6599973 1.6520608 1.6303670 1.6599973 1.1671853 1.2704580 1.2041188 1.1671853 1.2704580 1.6723363 1.6723363 0.0000000 0.5310204 0.3296310 1.3584912 1.3584912 1.7098646 1.7098646 1.9738783 1.9738783 1.6291039 1.6395800 2.0557463 2.0557463 1.9605129 2.6136880 
NC_076362.1_Gemyduguivirus_hydro3_Brazil                     2.0342322 2.2472362 2.2177346 2.1146508 1.6620231 1.7800902 1.8632505 1.4705592 1.6948820 1.3323281 1.8411226 1.6531899 2.3014044 1.5527718 1.2574422 1.2716892 1.1849543 1.2106223 1.5453423 1.6820789 1.5721881 1.5453423 1.6820789 1.4460160 1.3220638 1.4200732 1.4460160 1.3220638 1.9788646 1.9788646 0.5310204 0.0000000 0.4627141 1.4139528 1.4139528 1.9194799 1.9194799 1.9219445 1.9219445 1.5441740 1.5537469 2.3690442 2.3690442 2.0713961 2.6823781 
NC_076360.1_Gemyduguivirus_hydro1_Brazil                     1.8121390 1.9342774 1.9045970 1.9002636 1.6331094 1.7103653 1.8372992 1.5808251 1.5193152 1.2002640 1.8780428 1.5503157 2.5368822 1.4336437 1.3070094 1.1638498 1.1416309 1.2146625 1.5968385 1.7084085 1.6651242 1.5968385 1.7084085 1.1971411 1.3076552 1.3132973 1.1971411 1.3076552 1.7630033 1.7630033 0.3296310 0.4627141 0.0000000 1.3526149 1.3526149 1.6666678 1.6666678 2.0041297 2.0041297 1.5956072 1.6057725 2.2345438 2.2345438 2.0747233 2.9106711 
NC_076354.1_Gemyduguivirus_austo1_New_Zealand__Canterbury    1.7014346 1.7639814 1.7697874 1.7777695 1.4709425 1.6842875 1.6201501 1.4140629 1.7459437 1.4418474 1.5289837 1.2730609 3.0375793 1.1536358 1.1162786 1.1051686 1.0907042 1.1515865 1.3598575 1.5512736 1.6209415 1.3598575 1.5512736 1.1898142 1.0887108 1.1566624 1.1898142 1.0887108 1.9675242 1.9675242 1.3584912 1.4139528 1.3526149 0.0000000 0.0000010 1.6292558 1.6292558 1.9564475 1.9564475 1.3587750 1.3673849 1.5936880 1.5936880 2.0359996 3.5393992 
MK433240.1_Gemyduguivirus_austo1_New_Zealand__Canterbury     1.7014346 1.7639814 1.7697874 1.7777695 1.4709425 1.6842875 1.6201501 1.4140629 1.7459437 1.4418474 1.5289837 1.2730609 3.0375793 1.1536358 1.1162786 1.1051686 1.0907042 1.1515865 1.3598575 1.5512736 1.6209415 1.3598575 1.5512736 1.1898142 1.0887108 1.1566624 1.1898142 1.0887108 1.9675242 1.9675242 1.3584912 1.4139528 1.3526149 0.0000010 0.0000000 1.6292558 1.6292558 1.9564475 1.9564475 1.3587750 1.3673849 1.5936880 1.5936880 2.0359996 3.5393992 
NC_076287.1_Gemykrogvirus_apime1_USA                         1.1035541 1.0805347 1.1252986 1.1349559 1.8298240 1.8236510 2.0539363 1.7170580 2.6454924 2.2712313 1.1511059 2.1002699 1.4672990 1.3861015 1.4730838 1.5787065 1.6874887 1.7511710 1.6689727 1.5857893 1.4467622 1.6689727 1.5857893 1.3908398 1.3590919 1.5091277 1.3908398 1.3590919 1.6439673 1.6439673 1.7098646 1.9194799 1.6666678 1.6292558 1.6292558 0.0000000 0.0000010 1.0940395 1.0940395 1.6674845 1.6798989 1.8171563 1.8171563 2.0704898 3.0014311 
MH973741.1_Gemykrogvirus_apime1_USA                          1.1035541 1.0805347 1.1252986 1.1349559 1.8298240 1.8236510 2.0539363 1.7170580 2.6454924 2.2712313 1.1511059 2.1002699 1.4672990 1.3861015 1.4730838 1.5787065 1.6874887 1.7511710 1.6689727 1.5857893 1.4467622 1.6689727 1.5857893 1.3908398 1.3590919 1.5091277 1.3908398 1.3590919 1.6439673 1.6439673 1.7098646 1.9194799 1.6666678 1.6292558 1.6292558 0.0000010 0.0000000 1.0940395 1.0940395 1.6674845 1.6798989 1.8171563 1.8171563 2.0704898 3.0014311 
NC_024690.1_Gemykrogvirus_bovas1_Germany                     1.3284765 1.3535560 1.3382324 1.3847717 1.6862376 1.7888238 2.0314030 1.7535055 2.3527822 2.2090158 1.0077713 2.4983309 0.1189522 1.5240282 1.5875128 1.8805653 1.6787501 1.8064845 1.5281228 1.7867210 1.7281912 1.5281228 1.7867210 1.4511217 1.4590446 1.5351256 1.4511217 1.4590446 1.9469437 1.9469437 1.9738783 1.9219445 2.0041297 1.9564475 1.9564475 1.0940395 1.0940395 0.0000000 0.0000010 1.5268884 1.5369784 1.5519693 1.5519693 2.3543435 3.0982593 
LK931484.1_Gemykrogvirus_bovas1_Germany                      1.3284765 1.3535560 1.3382324 1.3847717 1.6862376 1.7888238 2.0314030 1.7535055 2.3527822 2.2090158 1.0077713 2.4983309 0.1189522 1.5240282 1.5875128 1.8805653 1.6787501 1.8064845 1.5281228 1.7867210 1.7281912 1.5281228 1.7867210 1.4511217 1.4590446 1.5351256 1.4511217 1.4590446 1.9469437 1.9469437 1.9738783 1.9219445 2.0041297 1.9564475 1.9564475 1.0940395 1.0940395 0.0000010 0.0000000 1.5268884 1.5369784 1.5519693 1.5519693 2.3543435 3.0982593 
MN708484.1_Citrus_Tunisia_genomovirus_1_Tunisia              1.7300079 1.8303799 1.8027488 1.8094312 1.4790570 1.3848517 1.7211273 0.9043750 1.9328606 1.7401725 1.3988533 1.8365114 2.1332571 1.5690871 1.3229283 1.5152577 1.3709558 1.2521202 0.0008711 0.5989643 0.3032746 0.0008711 0.5989643 1.3103351 1.3369679 1.4383892 1.3103351 1.3369679 1.5584223 1.5584223 1.6291039 1.5441740 1.5956072 1.3587750 1.3587750 1.6674845 1.6674845 1.5268884 1.5268884 0.0000000 0.0008717 1.8404890 1.8404890 2.2151397 3.1619969 
MN708483.1_Citrus_Tunisia_genomovirus_1_Tunisia              1.7273089 1.8271881 1.7999106 1.8065797 1.4879582 1.3934180 1.7211273 0.9098524 1.9328606 1.7401725 1.4089888 1.8365114 2.1332571 1.5793297 1.3312081 1.5247959 1.3795728 1.2595614 0.0017448 0.6021062 0.3051117 0.0017448 0.6021062 1.3183956 1.3452004 1.4474037 1.3183956 1.3452004 1.5689839 1.5689839 1.6395800 1.5537469 1.6057725 1.3673849 1.3673849 1.6798989 1.6798989 1.5369784 1.5369784 0.0008717 0.0000000 1.8528897 1.8528897 2.2333455 3.1692943 
NC_028459.1_Gemyvongvirus_humas1_Germany                     1.5660553 1.5254403 1.5928823 1.6214048 1.8103496 1.7684327 2.0390858 1.8840925 2.1805724 1.8467428 1.5817251 1.6613970 2.1219997 1.5958197 1.6789607 1.7583740 1.7024899 1.5940101 1.8494659 1.9060189 1.5940039 1.8494659 1.9060189 1.7173694 1.5982807 1.5719127 1.7173694 1.5982807 2.0536091 2.0536091 2.0557463 2.3690442 2.2345438 1.5936880 1.5936880 1.8171563 1.8171563 1.5519693 1.5519693 1.8404890 1.8528897 0.0000000 0.0000010 2.2769813 3.4940942 
KP974693.1_Gemyvongvirus_humas1_Germany                      1.5660553 1.5254403 1.5928823 1.6214048 1.8103496 1.7684327 2.0390858 1.8840925 2.1805724 1.8467428 1.5817251 1.6613970 2.1219997 1.5958197 1.6789607 1.7583740 1.7024899 1.5940101 1.8494659 1.9060189 1.5940039 1.8494659 1.9060189 1.7173694 1.5982807 1.5719127 1.7173694 1.5982807 2.0536091 2.0536091 2.0557463 2.3690442 2.2345438 1.5936880 1.5936880 1.8171563 1.8171563 1.5519693 1.5519693 1.8404890 1.8528897 0.0000010 0.0000000 2.2769813 3.4940942 
Geminivirus_Rep_ACMV                                         2.1923573 2.3678788 2.1271740 2.2401861 2.0536792 2.0941016 2.1510415 2.0087027 2.1239507 2.0482263 2.2239304 2.1153383 2.8192069 2.0635568 1.9106557 1.9433519 1.9832671 2.0620073 2.2171991 2.0660136 2.0758838 2.2171991 2.0660136 2.0824227 2.0509031 2.2067012 2.0824227 2.0509031 2.1901736 2.1901736 1.9605129 2.0713961 2.0747233 2.0359996 2.0359996 2.0704898 2.0704898 2.3543435 2.3543435 2.2151397 2.2333455 2.2769813 2.2769813 0.0000000 3.8163174 
MN765193.1_Genonmovirus_Tanzania                             3.2304071 3.4019341 3.2788653 3.1008740 2.7824519 3.4712104 3.0466912 3.3572458 3.8305559 2.6906435 3.5244201 3.1205843 3.6262806 3.0259919 2.3215901 3.4003633 3.2401378 2.9852076 3.1650586 2.5477829 3.3187662 3.1650586 2.5477829 2.5602221 2.5918186 2.8171270 2.5602221 2.5918186 4.3550588 4.3550588 2.6136880 2.6823781 2.9106711 3.5393992 3.5393992 3.0014311 3.0014311 3.0982593 3.0982593 3.1619969 3.1692943 3.4940942 3.4940942 3.8163174 0.0000000 
