81
b52_Nigeria                                  0.0000000 0.0000010 0.0618998 0.0242268 1.8160677 1.8703431 2.0972272 2.1035221 1.9946628 2.1456649 1.8325108 1.8397170 1.9536040 1.7894543 1.9418184 2.4682322 1.7004865 1.5282003 2.1676284 2.8611984 2.7271472 2.4293434 1.6718482 1.8454052 2.0675110 2.2893344 2.0067695 1.5723963 1.9007238 1.3937248 2.0073524 1.7899797 2.0359797 1.7420078 1.6594880 1.8255710 1.3934747 1.7526349 1.6986400 1.3644546 1.7226870 2.0096636 1.4718844 1.4883570 2.5352370 1.7894543 2.8921084 1.2943605 1.3531536 1.6066735 1.5974589 1.8467134 1.8144302 2.1852118 2.0821150 2.2545893 1.9096322 1.8795459 1.8795459 1.9092981 1.7713469 1.8173008 2.2745271 2.5543128 1.8262426 1.8560103 1.9841901 1.5970169 2.1676284 2.1663110 2.8611984 2.1046005 2.7685602 1.6718482 1.6369114 1.5937363 2.2715857 1.1288709 2.2893344 2.1983241 2.8878315 
b54_Nigeria                                  0.0000010 0.0000000 0.0610362 0.0266773 1.7871746 1.9834527 2.2331187 2.1149991 2.0763806 2.2498490 1.8804544 1.8975551 2.0542336 1.8436653 2.0587841 2.7845264 1.8128739 1.6050889 2.4479681 3.1460427 2.9857526 2.7101890 1.6992344 1.9300315 2.3518300 2.5323643 2.0766879 1.7161526 2.0151371 1.3937248 2.0038825 1.8742461 2.0413045 1.8362213 1.7100621 1.8884338 1.4182366 1.7515686 1.7616456 1.4208412 1.7160406 2.1371312 1.5380572 1.4994211 2.7680685 1.8436653 3.3053582 1.3628383 1.3825252 1.5915372 1.5814291 1.9048122 1.9138749 2.1633629 2.1631324 2.2299302 2.0333601 1.9969652 1.9969652 1.9976339 1.8076311 1.8376268 2.3202381 2.8465465 1.8533849 1.9410976 2.0440066 1.6350412 2.4479681 2.4461856 3.1460427 2.1590792 2.9400123 1.6992344 1.7149491 1.6675709 2.4885017 1.1288709 2.5323643 2.3557611 3.3382303 
b60_Nigeria                                  0.0618998 0.0610362 0.0000000 0.0612847 1.8236138 1.8983285 2.0955322 2.0581355 2.0273256 2.1805092 1.8738868 1.8568418 1.9409977 1.7836967 1.9314133 2.5531297 1.6836391 1.5461040 2.1768224 2.9039060 2.7811337 2.4946555 1.7253591 1.8616988 2.0835506 2.3307557 2.0302324 1.6483275 1.9127467 1.3833459 2.0082729 1.8499883 2.0334358 1.7196480 1.6133356 1.8087435 1.4423911 1.7590168 1.6780652 1.4042386 1.6943382 2.0129410 1.4748527 1.5642166 2.5758506 1.7836967 2.9526013 1.3388827 1.3675751 1.6134020 1.6041136 1.8860242 1.8474297 2.1222850 2.1111021 2.2675166 1.9333335 1.9095227 1.9095227 1.9419900 1.7846512 1.8276758 2.2630301 2.6015432 1.9111184 1.8649448 2.0006523 1.7195203 2.1768224 2.1755004 2.9039060 2.1088326 2.7354486 1.7253591 1.6646573 1.6033414 2.2931091 1.2212886 2.3307557 2.2770834 2.9703578 
YP_010798590.1_VietNam_Gemycircularvirus     0.0242268 0.0266773 0.0612847 0.0000000 1.8536044 1.8785333 2.1264342 2.1024901 2.0195342 2.1722501 1.8542670 1.8962156 1.9413336 1.8516492 1.9592275 2.4939760 1.6967813 1.5400554 2.1596924 2.8938271 2.8387720 2.4482750 1.7085264 1.8375530 2.0674858 2.3361932 2.0311390 1.6434614 1.9354893 1.3937248 2.0264072 1.8619685 2.0571981 1.7668065 1.6823082 1.8128805 1.4369936 1.7630815 1.7349109 1.4146188 1.7316145 2.0516159 1.5047084 1.5396460 2.5205846 1.8516492 2.9501309 1.3410191 1.4035119 1.6442230 1.6348464 1.8789403 1.8291306 2.1837385 2.1101501 2.2858255 1.9373703 1.9203915 1.9203915 1.9444058 1.7822076 1.8508068 2.2485392 2.5390562 1.8758219 1.9066714 1.9830147 1.6587875 2.1596924 2.1583837 2.8938271 2.1362589 2.8583097 1.7085264 1.6499139 1.6063702 2.2649095 1.1586943 2.3361932 2.1956634 2.9401079 
YP_010839948.1_China_Gemytripvirus           1.8160677 1.7871746 1.8236138 1.8536044 0.0000000 1.8232833 1.8864368 1.7030504 1.6596097 1.5280609 1.6525007 1.6932523 1.8235541 1.6829577 2.0244905 2.9079926 1.7417831 1.7699480 2.5297702 2.3618193 2.5819562 2.8124960 1.5845799 2.1983514 2.1634150 1.9049597 1.7327252 1.9385456 1.7266473 1.1503818 1.8410215 1.6555973 1.7345303 1.8627613 1.2625735 1.7356476 1.5175288 1.7131685 1.5681758 1.4475234 1.6675709 1.8240055 1.7283988 2.0800339 2.5447786 1.6829577 2.7030671 1.7810784 1.7550339 1.7065162 1.6995725 1.5579618 1.8188912 1.7899422 1.6423159 1.8088887 1.7461158 1.7642509 1.7642509 1.7506921 1.9452997 1.6117961 1.8436729 2.7150050 1.7797445 1.6412991 2.1753064 2.8374481 2.5297702 2.5297702 2.3618193 1.5656112 2.4400007 1.5845799 1.7349777 1.6561659 2.9322761 0.9984718 1.9049597 2.2687419 3.0903045 
YP_010784587.1_USA_Gemykolovirus             1.8703431 1.9834527 1.8983285 1.8785333 1.8232833 0.0000000 1.7492633 1.0756849 1.6553765 1.6769884 1.3214044 1.3785063 1.4862740 1.5748468 1.6240061 2.0949695 1.4271908 1.4425962 2.0913257 1.2803301 1.2353294 2.1872252 1.8942858 1.8829987 2.0086335 2.2316619 1.7010270 2.8912139 1.7043279 1.1389126 2.0445303 1.4108810 1.6517395 1.6887165 1.2614016 1.6638474 2.0002134 1.5108061 1.4565235 1.7724473 1.3902212 1.8336723 1.4527149 1.7704193 1.9213437 1.5748468 2.5296713 1.6475601 1.9264830 1.5356816 1.5298094 1.3591592 0.1448198 1.1538341 1.6044714 1.6528753 1.6986539 1.7612092 1.7612092 1.6606955 1.6303451 1.4217965 1.7519787 2.2158771 0.3544078 1.8450890 1.7515065 2.4246313 2.0913257 2.1467030 1.2803301 0.9873643 1.4699957 1.8942858 1.4951115 1.4817076 2.5946164 0.8174657 2.2316619 1.7579482 2.9230188 
YP_010797987.1_Brazil_Gemyduguivirus         2.0972272 2.2331187 2.0955322 2.1264342 1.8864368 1.7492633 0.0000000 1.8070353 1.8419809 1.8902407 1.0599616 1.6086510 1.2756020 1.5213921 1.5834282 1.5777003 1.3796581 1.4329560 2.0323259 2.5016838 2.2965111 2.0997794 2.0960013 1.8632311 1.7277537 2.1460023 2.1114428 3.3325842 0.2457965 0.1838754 2.0094010 1.3943906 1.3494573 1.0985630 1.1686166 1.9600473 2.2231617 1.7356548 1.8101231 2.0431384 1.3845915 0.2405769 1.9602283 2.1516811 1.5217391 1.5213921 0.3235323 1.8579566 2.0808411 1.3138463 1.3192048 1.0941892 1.8020407 1.8750851 1.8922348 2.0292094 0.2510867 0.2669339 0.2669339 0.2204203 1.4281352 1.1509220 1.9006375 1.4586437 1.9295841 1.3582557 1.6648871 3.3259936 2.0323259 2.0452554 2.5016838 1.8636640 2.5880804 2.0960013 1.4463363 1.4313407 2.0435737 1.0164418 2.1460023 1.6468425 0.5608993 
YP_010797993.1_South_Africa_Gemykolovirus    2.1035221 2.1149991 2.0581355 2.1024901 1.7030504 1.0756849 1.8070353 0.0000000 1.6424878 1.5592040 1.3860071 1.6161848 1.6741908 1.6442983 1.6102142 2.1194500 1.6153658 1.6386666 2.2687330 0.2912553 0.4836285 2.5935968 1.8682943 1.8594149 2.2227880 2.3234397 1.7860586 2.8628069 1.7675295 1.3770330 2.1147485 1.5867553 1.6201976 1.8452143 1.4372370 1.9727759 2.1780548 1.5200834 1.4819544 1.9570199 1.5221506 1.7912896 1.7772125 2.1765697 1.8938957 1.6442983 2.3441522 1.9616838 2.1944454 1.5061341 1.5002237 1.3802971 1.0257156 0.0599371 1.7030132 1.7327826 1.6706036 1.7229147 1.7229147 1.7331194 1.6768385 1.4073395 1.8002592 1.4874713 1.0540200 1.6799362 1.8469036 2.8007551 2.2687330 2.2994169 0.2912553 0.3163143 0.5928661 1.8682943 1.7086437 1.7220517 2.1561494 1.1545361 2.3234397 1.8575550 2.7146461 
YP_010797997.1_USA_Gemykroznavirus           1.9946628 2.0763806 2.0273256 2.0195342 1.6596097 1.6553765 1.8419809 1.6424878 0.0000000 0.1154064 1.7699489 0.9493920 1.6840595 0.9551168 1.7675231 2.4379383 1.7093501 1.5682092 2.4379970 2.3040380 2.1217091 2.7430510 2.1791957 1.9743906 2.0842964 1.6084306 0.1858919 2.3197382 1.7343626 1.2162476 1.7780240 1.8811659 1.9223383 1.7276979 0.8149857 1.8708418 1.7825681 1.5399282 1.5925172 1.6674937 1.7069357 1.8272608 1.9144038 1.9304827 2.4063390 0.9551168 2.6693943 1.5564008 2.0572431 1.8404440 1.8309588 1.7459456 1.6196780 1.7713017 0.1279815 0.2389530 1.6617950 1.6780896 1.6780896 1.7864208 1.8333243 1.6689762 0.6604322 2.2912499 1.6455749 1.8985635 1.7793567 2.6397203 2.4379970 2.4704396 2.3040380 1.8074488 2.1751656 2.1791957 1.6415589 1.5457328 2.4476468 0.9484739 1.6084306 2.1941137 2.8152232 
YP_010798007.1_South_Africa_Gemykroznavirus  2.1456649 2.2498490 2.1805092 2.1722501 1.5280609 1.6769884 1.8902407 1.5592040 0.1154064 0.0000000 1.7628325 0.9376840 1.7142465 0.9601233 1.7509444 2.3347359 1.6795640 1.5371388 2.2695736 2.0760045 1.9646462 2.6264227 2.0902236 2.0560453 2.0209767 1.6349453 0.1848778 2.2948800 1.7121293 1.2254049 1.8203499 1.8621078 1.9175018 1.7070724 0.8155941 1.8931234 1.8022934 1.5632869 1.6224795 1.6419375 1.7404511 1.7749279 1.8872012 2.0207660 2.4360673 0.9601233 2.6019457 1.6308336 2.0800897 1.7541851 1.7451238 1.7019018 1.7042413 1.6821082 0.1301333 0.2357603 1.6645080 1.6886387 1.6886387 1.7578668 1.8990197 1.7192520 0.6928776 2.2361432 1.6645150 1.8471191 1.8969582 2.7267046 2.2695736 2.2992308 2.0760045 1.6894315 2.0941646 2.0902236 1.6140558 1.5126599 2.4208066 0.9972312 1.6349453 2.2328289 2.7456670 
YP_010798203.1_Brazil_Gemykibivirus          1.8325108 1.8804544 1.8738868 1.8542670 1.6525007 1.3214044 1.0599616 1.3860071 1.7699489 1.7628325 0.0000000 1.6881407 1.0233412 1.6202851 1.0659313 1.0660152 0.8971244 0.9442280 1.3030809 1.6959939 1.8581902 1.3405346 1.5525510 1.3009763 0.9768187 2.1707057 1.7924230 2.6350118 0.9710984 0.8308338 1.8278030 0.6412443 1.1598526 1.1457012 1.2827133 1.5410594 1.7517500 1.3241933 1.2293930 1.6385989 0.7046284 1.1656353 1.5500916 1.8142569 0.5709334 1.6202851 1.3451978 1.6565106 1.9052188 0.8781296 0.8772207 0.1674758 1.2984772 1.4617501 1.7687891 1.8591938 0.9644990 0.9820704 0.9820704 0.9825489 1.1678926 0.4547709 1.7757116 0.6526812 1.3727311 1.0835513 1.2831193 2.6163854 1.3030809 1.3378939 1.6959939 1.3718760 1.7232182 1.5525510 0.9337201 0.9168053 1.3630184 0.5360922 2.1707057 1.1168899 1.5297470 
YP_010798215.1_Brazil_Gemykroznavirus        1.8397170 1.8975551 1.8568418 1.8962156 1.6932523 1.3785063 1.6086510 1.6161848 0.9493920 0.9376840 1.6881407 0.0000000 1.6650757 0.2472646 1.7593429 2.0473829 1.7776816 1.6629828 2.4251055 2.1829726 1.8952025 2.6673818 2.0532479 1.9618314 2.1140861 1.7290016 1.0414151 2.2315396 1.5550037 1.2344148 1.7440867 1.7295727 1.7586192 1.7031310 0.2049984 1.9022596 1.7373847 1.6691080 1.7382178 1.6609731 1.6981745 1.5774772 1.6431697 2.0912739 2.1426747 0.2472646 2.4234404 1.7657297 2.1026491 1.5282689 1.5201760 1.7088455 1.4804042 1.7068695 0.9260246 1.0478796 1.5205036 1.4994319 1.4994319 1.5649619 1.7903873 1.7140666 1.1564747 2.2039806 1.6223346 1.6705910 1.9596113 2.7355636 2.4251055 2.4221497 2.1829726 1.7060649 1.9763022 2.0532479 1.7671345 1.6773513 2.5570723 1.3318637 1.7290016 2.0811539 2.5514656 
YP_010798397.1_USA_Gemykibivirus             1.9536040 2.0542336 1.9409977 1.9413336 1.8235541 1.4862740 1.2756020 1.6741908 1.6840595 1.7142465 1.0233412 1.6650757 0.0000000 1.4966689 0.9269324 1.2052116 0.9517031 1.0381913 1.3957968 2.1237212 2.1364191 1.5354846 1.6984453 1.2109324 1.1749933 2.1473012 1.8331648 2.9441075 1.1593300 0.9325224 2.0783820 1.0715594 0.9391411 1.0300675 1.3109832 1.4725106 1.9662971 1.3480165 1.2814955 1.8150966 0.8390005 1.2972812 1.7187607 1.9825461 1.5203734 1.4966689 1.6155475 1.6983745 1.8049329 0.9474043 0.9511079 1.0162843 1.4624828 1.7124227 1.6781633 1.7653868 1.1428793 1.1779725 1.1779725 1.2217160 1.0131684 0.9912276 1.6568003 1.2538976 1.5838336 1.0343343 1.0930347 2.8413441 1.3957968 1.4052472 2.1237212 1.5872854 2.4256449 1.6984453 1.1555919 1.0766509 1.3568038 0.7149951 2.1473012 1.2870006 1.9013101 
YP_010798490.1_Unknown_Gemykroznavirus       1.7894543 1.8436653 1.7836967 1.8516492 1.6829577 1.5748468 1.5213921 1.6442983 0.9551168 0.9601233 1.6202851 0.2472646 1.4966689 0.0000000 1.6496491 2.3038824 1.7325546 1.5675072 2.2642319 2.0139062 1.9325127 2.3827692 1.8497550 1.6269562 1.8112157 1.7741870 1.1087338 2.2629070 1.4447198 1.2838270 1.6537381 1.7301080 1.6566140 1.6484547 0.2316131 1.7085614 1.8180450 1.5731045 1.6649113 1.6329336 1.5082678 1.5145424 1.5943517 1.8700745 2.1631793 0.0000010 2.1682041 1.6154234 1.9640645 1.3599308 1.3520725 1.6573127 1.5587087 1.7475144 0.9435812 1.0833935 1.4304931 1.3836780 1.3836780 1.4913292 1.6590579 1.6700678 1.1891254 1.9758578 1.6194823 1.5875268 1.8162265 2.3688953 2.2642319 2.2648798 2.0139062 1.7242474 1.9013511 1.8497550 1.6490362 1.5719576 2.2539298 1.3343953 1.7741870 1.8547307 2.4077887 
YP_009551474.1_USA_Gemycircularvirus         1.9418184 2.0587841 1.9314133 1.9592275 2.0244905 1.6240061 1.5834282 1.6102142 1.7675231 1.7509444 1.0659313 1.7593429 0.9269324 1.6496491 0.0000000 0.8104631 0.8480892 1.1810763 1.3883904 2.1517634 2.2388121 1.5226917 1.7539220 0.5813731 1.1379553 2.3560382 1.9268486 2.4037940 1.4459348 1.4858778 2.1392427 1.0988353 0.8599650 0.8268968 1.3357339 1.5469400 1.8879688 1.4413751 1.2845571 1.8448539 0.9563353 1.6220375 1.9955102 1.9908665 1.4195554 1.6496491 1.8877905 1.8095423 1.9180321 1.0968803 1.0877061 1.0565717 1.6099529 1.6988485 1.7573584 1.8333353 1.4093840 1.4290424 1.4290424 1.5485113 0.4714621 1.1373688 1.8783355 1.1003834 1.6275302 1.2479687 0.5200970 2.5621212 1.3883904 1.4261329 2.1517634 1.6449238 2.4886375 1.7539220 1.1398312 1.1260449 0.6488330 0.9788727 2.3560382 0.9576981 2.0544715 
YP_009506605.1_Tonga_Gemycircularvirus       2.4682322 2.7845264 2.5531297 2.4939760 2.9079926 2.0949695 1.5777003 2.1194500 2.4379383 2.3347359 1.0660152 2.0473829 1.2052116 2.3038824 0.8104631 0.0000000 1.0533469 1.3269094 1.2439775 2.3238666 2.1112040 1.3592080 2.0952338 1.1004695 1.2519457 2.4219544 2.5318466 2.4201522 1.5914235 2.8271859 2.6339275 1.3938717 1.0395019 0.9138181 1.8675546 2.1825899 2.8051628 1.9286574 1.7782733 2.4767666 1.0538603 1.8530431 2.6621271 2.6423269 1.0237208 2.3038824 1.5968012 2.4249776 2.9537352 1.2372786 1.2297314 1.0311019 2.2160992 2.2578808 2.4612600 2.7067173 1.6095700 1.6092201 1.6092201 1.5078530 0.8041477 1.0783556 2.1955718 1.0978872 2.4303989 1.4888071 0.9450040 2.5508696 1.2439775 1.2838631 2.3238666 2.3217371 2.3360853 2.0952338 1.3718434 1.2855550 0.7985195 2.5764767 2.4219544 1.1440790 1.5291634 
YP_009506613.1_Tonga_Gemycircularvirus       1.7004865 1.8128739 1.6836391 1.6967813 1.7417831 1.4271908 1.3796581 1.6153658 1.7093501 1.6795640 0.8971244 1.7776816 0.9517031 1.7325546 0.8480892 1.0533469 0.0000000 1.0991960 1.3463768 1.9316412 1.9229478 1.2474424 1.8083630 0.9058562 1.0095320 2.2662798 1.8929038 2.1374986 1.3374165 1.2867701 2.0732115 1.0349546 0.8223380 0.8454357 1.4368981 1.5708701 2.0557145 1.3863472 1.3369050 1.6959950 0.8153739 1.4355060 1.8586108 2.0770939 1.2861806 1.7325546 1.6726113 1.8408086 1.8689008 1.0615009 1.0548098 0.9410593 1.4288066 1.6635849 1.7296799 1.8162681 1.3051998 1.3330823 1.3330823 1.3629594 0.7776568 0.9735672 1.7513693 1.2710793 1.5567744 1.2208304 0.8715851 2.6597422 1.3463768 1.3802837 1.9316412 1.5358719 2.2038649 1.8083630 1.0976515 1.0212681 1.1356641 0.9960048 2.2662798 0.9668684 1.9835430 
YP_009506628.1_Tonga_Gemygorvirus            1.5282003 1.6050889 1.5461040 1.5400554 1.7699480 1.4425962 1.4329560 1.6386666 1.5682092 1.5371388 0.9442280 1.6629828 1.0381913 1.5675072 1.1810763 1.3269094 1.0991960 0.0000000 0.1762993 2.1848980 2.2159960 0.6687209 1.6294803 1.2473398 0.2610398 2.0215422 1.6389248 2.1144583 1.3024780 1.1596443 1.9175116 1.1722797 1.4094928 1.3568871 1.3321694 1.4638916 1.4998806 1.5066483 1.4320468 1.4593493 1.0394341 1.3563194 1.4089765 1.5320142 1.2808830 1.5675072 1.6940939 1.3268650 1.6970788 0.8866150 0.8856621 0.9755986 1.4122940 1.7508914 1.5700269 1.7024356 1.3360969 1.3240762 1.3240762 1.2449874 1.1506238 1.0360289 1.5390445 1.1365663 1.4556497 1.3120616 1.2927690 2.2436032 0.1762993 0.1886384 2.1848980 1.7941991 2.6225532 1.6294803 0.2168963 0.1780287 1.4408072 1.0277367 2.0215422 1.3226044 1.9305096 
YP_009506629.1_Tonga_Gemygorvirus            2.1676284 2.4479681 2.1768224 2.1596924 2.5297702 2.0913257 2.0323259 2.2687330 2.4379970 2.2695736 1.3030809 2.4251055 1.3957968 2.2642319 1.3883904 1.2439775 1.3463768 0.1762993 0.0000000 2.2175495 2.2777659 0.5902366 2.1805284 1.5640641 0.2481372 2.5507104 2.4123948 2.1506777 1.8028170 2.5302214 2.7676536 1.6357636 1.7982607 1.4819226 2.0465659 2.4620763 2.4833122 2.0514689 1.9481730 2.2657425 1.3435033 1.9746689 2.2443338 2.4769001 1.2728554 2.2642319 1.7586426 2.3410698 2.7831247 1.1449005 1.1433409 1.3258340 2.0999183 2.5326314 2.4402988 2.7873051 1.8723280 1.8716059 1.8716059 1.7921864 1.3221180 1.3974317 2.4052703 1.1278493 2.3169584 1.6405774 1.6903174 2.3272325 0.0000010 0.0083491 2.2175495 2.4358428 2.6083841 2.1805284 0.4835135 0.4163135 1.4186080 3.6125812 2.5507104 1.5883608 1.7607372 
YP_009506642.1_Tonga_Gemykolovirus           2.8611984 3.1460427 2.9039060 2.8938271 2.3618193 1.2803301 2.5016838 0.2912553 2.3040380 2.0760045 1.6959939 2.1829726 2.1237212 2.0139062 2.1517634 2.3238666 1.9316412 2.1848980 2.2175495 0.0000000 0.5366807 2.5115727 2.4790157 2.3539818 2.1582142 3.3100750 2.4444147 2.9560966 2.4635751 0.5998070 2.9044013 2.1933475 2.2776483 2.2455035 1.7100122 2.8414555 3.2270676 1.9149629 1.7262232 2.9259293 2.0320303 2.5036127 2.4796146 2.8869059 1.8060432 2.0139062 2.4602820 3.0068849 3.1722836 2.1113527 2.0998076 1.7395248 1.2194398 0.3464325 2.3652006 2.4386443 2.4258092 2.4550897 2.4550897 2.4572538 2.1007454 1.8423477 2.4892959 1.7011116 1.2704284 2.2988379 2.6259110 2.9534678 2.2175495 2.2548394 0.0000010 0.0203355 0.7097129 2.4790157 2.1789681 2.0916418 2.1217391 0.8203747 3.3100750 2.1720243 2.6395192 
YP_009345110.1_USA_Gemykolovirus             2.7271472 2.9857526 2.7811337 2.8387720 2.5819562 1.2353294 2.2965111 0.4836285 2.1217091 1.9646462 1.8581902 1.8952025 2.1364191 1.9325127 2.2388121 2.1112040 1.9229478 2.2159960 2.2777659 0.5366807 0.0000000 2.4483613 2.6095978 2.5933970 2.1792543 3.0753916 2.2970923 2.5359142 2.2569499 0.0000010 2.7225458 2.4885229 2.2982214 2.5145946 1.7524712 2.8085628 3.0541350 2.1095660 1.9283467 2.6718586 2.0792335 2.3608853 2.3870125 2.7976743 1.8354807 1.9325127 2.3191018 2.7205532 2.8747854 2.2766605 2.2643183 1.7627108 1.1734422 0.5599273 2.2331083 2.4686916 2.3679458 2.3126663 2.3126663 2.2254783 2.3137581 1.6652286 2.5399596 1.9560744 1.3144514 2.1717092 2.8556159 2.7913213 2.2777659 2.3127409 0.5366807 0.5035753 0.5440498 2.6095978 2.3253064 2.2403056 1.9835550 0.0000010 3.0753916 2.5580557 2.3534884 
YP_009252372.1_New_Zealand_Gemygorvirus      2.4293434 2.7101890 2.4946555 2.4482750 2.8124960 2.1872252 2.0997794 2.5935968 2.7430510 2.6264227 1.3405346 2.6673818 1.5354846 2.3827692 1.5226917 1.3592080 1.2474424 0.6687209 0.5902366 2.5115727 2.4483613 0.0000000 2.3515797 1.6310475 0.3867948 2.5116400 2.7019350 2.1569304 1.8635280 4.0154830 2.8144535 1.6071214 1.9450404 1.4324751 2.2431817 2.4551919 2.6892521 2.1706764 2.0506238 2.5035567 1.4270464 2.0654190 2.6011741 2.7220677 1.1818963 2.3827692 1.8285326 2.7727185 3.1917925 1.4326872 1.4307216 1.3321734 2.2507256 2.9794312 2.6736387 3.0310180 1.8513789 1.8506539 1.8506539 1.8720797 1.4144252 1.4382558 2.5861607 1.0709444 2.5763043 1.7003084 1.7046475 2.5375896 0.5902366 0.6104761 2.5115727 2.7150575 2.3836921 2.3515797 0.6565803 0.5882204 1.3939876 5.6166642 2.5116400 1.5754842 1.7484281 
YP_009181996.1_Germany_Gemyvongvirus         1.6718482 1.6992344 1.7253591 1.7085264 1.5845799 1.8942858 2.0960013 1.8682943 2.1791957 2.0902236 1.5525510 2.0532479 1.6984453 1.8497550 1.7539220 2.0952338 1.8083630 1.6294803 2.1805284 2.4790157 2.6095978 2.3515797 0.0000000 1.8668418 1.9311354 2.1498808 2.3037928 2.3505790 1.7683696 1.5922187 2.1623903 1.6722358 1.7615016 1.8228221 1.6277386 1.0271308 1.6999104 1.3415744 1.2191645 1.6571526 1.6937679 1.8496622 1.8138669 1.9119541 2.2374196 1.8497550 2.5209550 1.8957505 2.0075497 1.2840976 1.2742067 1.5952481 1.8681721 1.9547771 2.2340898 2.2864984 1.8676139 1.8159091 1.8159091 1.9146967 1.9464093 1.6405332 2.2812363 1.9665024 1.7405046 1.6737292 2.0853751 2.6481288 2.1805284 2.2080137 2.4790157 1.8722187 2.3355554 0.0000010 1.7562595 1.6612382 2.2265436 1.1443871 2.1498808 2.3133829 2.5953322 
YP_009115515.1_New_Zealand_Gemycircularvirus 1.8454052 1.9300315 1.8616988 1.8375530 2.1983514 1.8829987 1.8632311 1.8594149 1.9743906 2.0560453 1.3009763 1.9618314 1.2109324 1.6269562 0.5813731 1.1004695 0.9058562 1.2473398 1.5640641 2.3539818 2.5933970 1.6310475 1.8668418 0.0000000 1.3107417 2.6476583 2.2389837 2.5387022 1.7338453 1.2742801 2.4284584 1.3419662 1.0764772 1.0622064 1.5909379 1.6967035 2.0468525 1.6975857 1.5424352 1.9163327 1.3331999 1.8456147 2.3786654 2.0780672 1.7694585 1.6269562 2.5068249 1.9384522 2.1973182 1.2911979 1.2811120 1.2706072 1.7161325 1.9793185 2.0866298 2.2427961 1.8213254 1.8602022 1.8602022 1.8464812 0.5292297 1.4351507 2.0393826 1.5845533 1.7959308 1.6715924 0.7422338 2.6181234 1.5640641 1.5977606 2.3539818 1.8395770 2.7436789 1.8668418 1.3185825 1.2405995 0.7325222 0.9325898 2.6476583 1.0459352 2.6948566 
YP_009115512.1_New_Zealand_Gemygorvirus      2.0675110 2.3518300 2.0835506 2.0674858 2.1634150 2.0086335 1.7277537 2.2227880 2.0842964 2.0209767 0.9768187 2.1140861 1.1749933 1.8112157 1.1379553 1.2519457 1.0095320 0.2610398 0.2481372 2.1582142 2.1792543 0.3867948 1.9311354 1.3107417 0.0000000 2.1267552 2.0837617 2.1958423 1.4898866 2.1401232 2.4560704 1.3406422 1.5818831 1.0167493 1.6460042 2.1499276 2.3259756 1.9414492 1.8871546 2.1676266 1.0536836 1.7549057 2.1701966 2.5755137 1.0185768 1.8112157 1.5286228 2.1399937 2.5218663 0.9950956 0.9934069 1.0131980 1.9350248 2.4822816 2.1341098 2.3642016 1.5441620 1.5439171 1.5439171 1.5328217 1.1319774 1.1288097 1.9105825 0.9997116 2.0569843 1.3456701 1.3716109 2.4900182 0.2481372 0.2496706 2.1582142 2.1995982 2.4238533 1.9311354 0.1250128 0.0155301 1.2079231 9.0000000 2.1267552 1.1742251 1.5125093 
YP_009109715.1_New_Zealand_Gemytondvirus     2.2893344 2.5323643 2.3307557 2.3361932 1.9049597 2.2316619 2.1460023 2.3234397 1.6084306 1.6349453 2.1707057 1.7290016 2.1473012 1.7741870 2.3560382 2.4219544 2.2662798 2.0215422 2.5507104 3.3100750 3.0753916 2.5116400 2.1498808 2.6476583 2.1267552 0.0000000 1.7541378 2.8051119 1.9436168 1.5763350 1.7817539 2.2000231 2.2713157 1.7200868 1.5410032 2.0855224 2.2758582 1.9594809 1.8365852 2.1661132 2.2034896 2.0431547 2.1016434 2.4409681 2.6659889 1.7741870 2.7330684 2.1760265 2.3438054 2.1752704 2.1631151 2.1392603 2.2514648 2.5035977 1.6312953 1.7846498 1.9309442 1.9222969 1.9222969 1.9541597 2.4206013 2.1293611 1.6837741 2.7635643 2.4534928 2.2806303 2.6216699 2.9332013 2.5507104 2.5621686 3.3100750 2.3589128 3.0848708 2.1498808 1.9887482 1.9158042 3.0684283 1.5504132 0.0000010 2.7094635 2.8758742 
YP_009109717.1_New_Zealand_Gemykroznavirus   2.0067695 2.0766879 2.0302324 2.0311390 1.7327252 1.7010270 2.1114428 1.7860586 0.1858919 0.1848778 1.7924230 1.0414151 1.8331648 1.1087338 1.9268486 2.5318466 1.8929038 1.6389248 2.4123948 2.4444147 2.2970923 2.7019350 2.3037928 2.2389837 2.0837617 1.7541378 0.0000000 2.2791159 1.8927950 1.4377095 1.7969899 1.9648363 2.1750330 1.9136125 0.9029080 1.9428322 2.0250247 1.8054422 1.9026818 1.7131006 1.8363968 1.9963697 1.8515988 2.0353409 2.6977697 1.1087338 2.9652504 1.6246354 2.2092746 2.0357282 2.0256373 1.8382894 1.7532618 1.9251088 0.1920665 0.3020604 1.8829516 1.9098014 1.9098014 1.9150132 2.0964764 1.7808481 0.7513503 2.4653264 1.6169112 2.1195579 2.0267913 2.6209340 2.4123948 2.4444182 2.4444147 1.9590514 2.5342264 2.3037928 1.7166710 1.6097104 2.6608510 1.0197088 1.7541378 2.3893806 2.9511460 
YP_009058947.1_Canada_Gemykrogvirus          1.5723963 1.7161526 1.6483275 1.6434614 1.9385456 2.8912139 3.3325842 2.8628069 2.3197382 2.2948800 2.6350118 2.2315396 2.9441075 2.2629070 2.4037940 2.4201522 2.1374986 2.1144583 2.1506777 2.9560966 2.5359142 2.1569304 2.3505790 2.5387022 2.1958423 2.8051119 2.2791159 0.0000000 2.9277366 0.0000010 2.7862690 2.4626438 2.6217130 2.4827583 2.2753133 2.3526343 0.4489196 2.2031476 1.9856415 0.0831894 2.6035937 3.3120133 1.6830686 1.8034403 2.4338944 2.2629070 3.0731542 1.7978695 1.7627685 2.7139041 2.6892771 2.6386635 2.9017661 3.2107908 2.3602163 2.7675022 2.9218276 2.9113696 2.9113696 2.8684324 2.4529780 2.3985579 2.9059736 2.5907564 2.9387728 3.2165807 2.8097131 1.8057125 2.1506777 2.1967686 2.9560966 2.9139468 2.5692281 2.3505790 2.1967227 2.1958423 2.5071226 0.0000010 2.8051119 3.2674966 2.8722000 
YP_009021852.1_Tonga_Gemyduguivirus          1.9007238 2.0151371 1.9127467 1.9354893 1.7266473 1.7043279 0.2457965 1.7675295 1.7343626 1.7121293 0.9710984 1.5550037 1.1593300 1.4447198 1.4459348 1.5914235 1.3374165 1.3024780 1.8028170 2.4635751 2.2569499 1.8635280 1.7683696 1.7338453 1.4898866 1.9436168 1.8927950 2.9277366 0.0000000 0.0000010 1.9617381 1.1187002 1.2172682 0.9780228 1.0867597 1.8699302 2.1299069 1.6379372 1.5561014 1.9044585 1.2487347 0.2243147 1.7412647 1.8803651 1.4265312 1.4447198 0.3540587 1.7993460 1.9375750 1.1907293 1.1953569 0.9343860 1.7685185 1.8383482 1.7124678 1.7899411 0.1790483 0.1902361 0.1902361 0.2094135 1.3430243 1.0650746 1.7510666 1.3120359 1.6625614 1.2629859 1.5422803 2.8588749 1.8028170 1.8140935 2.4635751 1.8168252 2.4466814 1.7683696 1.3094956 1.2896735 1.9494267 0.8394926 1.9436168 1.5573952 0.2294466 
YP_009021853.1_Tonga_Gemyduguivirus          1.3937248 1.3937248 1.3833459 1.3937248 1.1503818 1.1389126 0.1838754 1.3770330 1.2162476 1.2254049 0.8308338 1.2344148 0.9325224 1.2838270 1.4858778 2.8271859 1.2867701 1.1596443 2.5302214 0.5998070 0.0000010 4.0154830 1.5922187 1.2742801 2.1401232 1.5763350 1.4377095 0.0000010 0.0000010 0.0000000 1.8677977 0.8112215 1.2407776 1.2660590 1.0739242 1.2083525 1.3134518 1.1404685 1.2030537 1.0848824 1.0524276 0.1794022 1.2439811 1.0296380 3.3182506 1.2838270 1.3352700 1.1643892 1.1374183 1.0844184 1.0844184 0.7682476 1.0884338 1.3994186 1.2041445 1.2041445 0.1190262 0.1451013 0.1451013 0.2209587 1.2307397 0.9608036 1.3131198 1.0652886 1.2200157 1.1475637 1.5606154 0.0000010 2.5302214 2.5302214 0.5998070 1.3427923 0.0000010 1.5922187 1.0457313 1.0579971 3.5165343 0.9411103 1.5763350 1.3224422 2.3533725 
UYD39074.1_USA_Gemytondvirus                 2.0073524 2.0038825 2.0082729 2.0264072 1.8410215 2.0445303 2.0094010 2.1147485 1.7780240 1.8203499 1.8278030 1.7440867 2.0783820 1.6537381 2.1392427 2.6339275 2.0732115 1.9175116 2.7676536 2.9044013 2.7225458 2.8144535 2.1623903 2.4284584 2.4560704 1.7817539 1.7969899 2.7862690 1.9617381 1.8677977 0.0000000 1.8776994 2.2538160 2.0497093 1.4728994 1.9402294 2.0766770 2.0569605 2.0133323 2.0343653 2.1413266 2.1075627 1.9183933 1.9882509 2.4569969 1.6537381 2.8754900 1.7914830 1.9478669 1.9293191 1.9180689 1.8667815 2.0067208 2.3078653 1.7798146 1.9195238 1.8845907 1.8538020 1.8538020 1.9735895 2.1259015 2.1032840 2.0403855 2.6870807 2.2642207 1.7192677 2.3191879 2.6355525 2.7676536 2.8270793 2.9044013 2.1428819 3.0327656 2.1623903 2.0692356 2.0265320 2.5535505 1.4523613 1.7817539 2.7343867 3.0382928 
UYD39078.1_USA_Gemykibivirus                 1.7899797 1.8742461 1.8499883 1.8619685 1.6555973 1.4108810 1.3943906 1.5867553 1.8811659 1.8621078 0.6412443 1.7295727 1.0715594 1.7301080 1.0988353 1.3938717 1.0349546 1.1722797 1.6357636 2.1933475 2.4885229 1.6071214 1.6722358 1.3419662 1.3406422 2.2000231 1.9648363 2.4626438 1.1187002 0.8112215 1.8776994 0.0000000 1.2400136 1.0420830 1.4403169 1.6141319 1.8288477 1.2797435 1.2170561 1.6426855 0.9181931 1.3246469 1.5709417 1.6973013 1.0878965 1.7301080 1.7995957 1.8404631 1.9433404 1.0471838 1.0461242 0.6850601 1.4079491 1.6157273 1.9221982 2.0421953 1.1709236 1.1942208 1.1942208 1.2982135 1.2542301 0.7619031 1.9578408 1.0604730 1.5067415 1.1274122 1.3063405 2.1868609 1.6357636 1.6602061 2.1933475 1.5695037 2.4526343 1.6722358 1.1554861 1.1683665 1.5117855 0.5021541 2.2000231 1.2306664 1.8665731 
UPW41530.1_USA_Gemycircularvirus             2.0359797 2.0413045 2.0334358 2.0571981 1.7345303 1.6517395 1.3494573 1.6201976 1.9223383 1.9175018 1.1598526 1.7586192 0.9391411 1.6566140 0.8599650 1.0395019 0.8223380 1.4094928 1.7982607 2.2776483 2.2982214 1.9450404 1.7615016 1.0764772 1.5818831 2.2713157 2.1750330 2.6217130 1.2172682 1.2407776 2.2538160 1.2400136 0.0000000 0.9569802 1.5742003 1.8559945 2.2433707 1.5519201 1.4882800 2.0139899 1.0743451 1.3542119 2.0130449 2.0190308 1.5606962 1.6566140 1.5389999 1.9012778 1.9316886 1.2262217 1.2269633 1.1425379 1.6824775 1.7070973 1.9498740 2.0413542 1.2338069 1.2366121 1.2366121 1.2775238 0.8896769 1.1134396 1.9496623 1.3542676 1.7925793 1.2634468 0.9792227 2.8041677 1.7982607 1.8207200 2.2776483 1.6020160 2.3124431 1.7615016 1.4520255 1.4198379 1.1208774 0.9732542 2.2713157 1.1359801 1.7675303 
UJO02131.1_Argentina_Gemycircularvirus       1.7420078 1.8362213 1.7196480 1.7668065 1.8627613 1.6887165 1.0985630 1.8452143 1.7276979 1.7070724 1.1457012 1.7031310 1.0300675 1.6484547 0.8268968 0.9138181 0.8454357 1.3568871 1.4819226 2.2455035 2.5145946 1.4324751 1.8228221 1.0622064 1.0167493 1.7200868 1.9136125 2.4827583 0.9780228 1.2660590 2.0497093 1.0420830 0.9569802 0.0000000 1.4850487 1.5424421 2.0614332 1.4114430 1.4169026 1.8847325 1.1459406 1.0844682 1.8603448 2.0462168 1.3805696 1.6484547 1.0606684 1.8024407 1.8162919 1.2330625 1.2330625 1.1087322 1.7305343 1.9376317 1.7513372 1.8701836 1.0370221 1.0348969 1.0348969 1.0170552 0.8896970 1.3320135 1.8454124 1.0084666 1.8663868 1.1395907 0.9352106 2.2952711 1.4819226 1.5286884 2.2455035 1.7717881 2.1837965 1.8228221 1.3146576 1.3097305 0.9835528 1.3642381 1.7200868 0.9821278 1.5087546 
UJO02139.1_Argentina_Gemykroznavirus         1.6594880 1.7100621 1.6133356 1.6823082 1.2625735 1.2614016 1.1686166 1.4372370 0.8149857 0.8155941 1.2827133 0.2049984 1.3109832 0.2316131 1.3357339 1.8675546 1.4368981 1.3321694 2.0465659 1.7100122 1.7524712 2.2431817 1.6277386 1.5909379 1.6460042 1.5410032 0.9029080 2.2753133 1.0867597 1.0739242 1.4728994 1.4403169 1.5742003 1.4850487 0.0000000 1.4143675 1.6489261 1.2507263 1.2550589 1.4969261 1.3432670 1.2182663 1.3980643 1.6115592 1.7346278 0.2316131 1.7655234 1.4122974 1.6558341 1.2762267 1.2762267 1.3021737 1.2460389 1.5601564 0.8185044 0.9493617 1.1395427 1.1540922 1.1540922 1.1681447 1.4548336 1.3910462 0.9860533 1.5331349 1.3757904 1.2953322 1.6266948 2.1656230 2.0465659 2.0751434 1.7100122 1.3358024 1.8000767 1.6277386 1.3899546 1.3302350 2.1320516 1.1421346 1.5410032 1.7049165 2.0267422 
QVW56424.2_China_Gemyvongvirus               1.8255710 1.8884338 1.8087435 1.8128805 1.7356476 1.6638474 1.9600473 1.9727759 1.8708418 1.8931234 1.5410594 1.9022596 1.4725106 1.7085614 1.5469400 2.1825899 1.5708701 1.4638916 2.4620763 2.8414555 2.8085628 2.4551919 1.0271308 1.6967035 2.1499276 2.0855224 1.9428322 2.3526343 1.8699302 1.2083525 1.9402294 1.6141319 1.8559945 1.5424421 1.4143675 0.0000000 1.6876674 1.5053793 1.4613223 1.5185183 1.5257193 1.9408665 1.7043012 1.8204983 2.3141823 1.7085614 2.8823213 1.7207309 1.9431294 1.3947678 1.3934275 1.4547315 1.6558603 2.0365529 1.9364585 2.0022002 1.8820463 1.9102652 1.9102652 1.8889627 1.6546027 1.6407750 2.2507829 2.2243544 1.7892057 1.8192887 1.7931360 2.6554787 2.4620763 2.4828842 2.8414555 2.1213286 2.7865163 1.0271308 1.5251753 1.4671440 1.9212106 0.9832077 2.0855224 1.9368323 3.0588098 
QVW56476.2_China_Gemykrogvirus               1.3934747 1.4182366 1.4423911 1.4369936 1.5175288 2.0002134 2.2231617 2.1780548 1.7825681 1.8022934 1.7517500 1.7373847 1.9662971 1.8180450 1.8879688 2.8051628 2.0557145 1.4998806 2.4833122 3.2270676 3.0541350 2.6892521 1.6999104 2.0468525 2.3259756 2.2758582 2.0250247 0.4489196 2.1299069 1.3134518 2.0766770 1.8288477 2.2433707 2.0614332 1.6489261 1.6876674 0.0000000 1.5605518 1.4526805 0.3316013 1.9514532 2.2094035 1.3003452 1.3997505 2.8532288 1.8180450 3.5432447 1.3190648 1.3391855 1.6925404 1.6829386 1.6786363 1.9917485 2.3196772 1.8165627 1.9908864 2.0117382 2.0109435 2.0109435 2.1662656 2.1116560 1.6933803 2.2239175 2.9432650 2.0465367 2.1229145 2.1597447 1.8741195 2.4833122 2.5240368 3.2270676 2.1765000 2.8853920 1.6999104 1.4863640 1.5103578 2.8186527 1.0484682 2.2758582 2.6265225 3.4582521 
QVW56492.2_China_Gemykrogvirus               1.7526349 1.7515686 1.7590168 1.7630815 1.7131685 1.5108061 1.7356548 1.5200834 1.5399282 1.5632869 1.3241933 1.6691080 1.3480165 1.5731045 1.4413751 1.9286574 1.3863472 1.5066483 2.0514689 1.9149629 2.1095660 2.1706764 1.3415744 1.6975857 1.9414492 1.9594809 1.8054422 2.2031476 1.6379372 1.1404685 2.0569605 1.2797435 1.5519201 1.4114430 1.2507263 1.5053793 1.5605518 0.0000000 0.5124954 1.4905191 1.2034777 1.6323934 1.4536392 1.6437463 1.9979123 1.5731045 2.3510550 1.6960265 1.7859830 1.4083542 1.4029758 1.3164124 1.4673591 1.6150060 1.5980632 1.7217999 1.5768006 1.5714212 1.5714212 1.6157059 1.5692958 1.2757843 1.6365732 1.4674484 1.5382998 1.5202969 1.7579396 2.0807179 2.0514689 2.0593961 1.9149629 1.5278023 2.0673473 1.3415744 1.6124746 1.5995760 2.0038938 0.8272436 1.9594809 1.6901168 2.6863380 
QVW56502.1_China_Gemykrogvirus               1.6986400 1.7616456 1.6780652 1.7349109 1.5681758 1.4565235 1.8101231 1.4819544 1.5925172 1.6224795 1.2293930 1.7382178 1.2814955 1.6649113 1.2845571 1.7782733 1.3369050 1.4320468 1.9481730 1.7262232 1.9283467 2.0506238 1.2191645 1.5424352 1.8871546 1.8365852 1.9026818 1.9856415 1.5561014 1.2030537 2.0133323 1.2170561 1.4882800 1.4169026 1.2550589 1.4613223 1.4526805 0.5124954 0.0000000 1.3756729 1.1875560 1.6184957 1.4660707 1.5312955 1.7789169 1.6649113 2.2993523 1.5155605 1.4842630 1.2240586 1.2228636 1.1677291 1.3678079 1.5535947 1.7021627 1.8040843 1.5716899 1.5606275 1.5606275 1.6182294 1.5036616 1.1300675 1.8542256 1.4952798 1.4667592 1.5589583 1.6673773 2.0898795 1.9481730 1.9819878 1.7262232 1.4222767 2.2669592 1.2191645 1.5689759 1.5299096 1.8095575 0.8329089 1.8365852 1.7760879 2.4420812 
QVW56508.2_China_Gemykrogvirus               1.3644546 1.4208412 1.4042386 1.4146188 1.4475234 1.7724473 2.0431384 1.9570199 1.6674937 1.6419375 1.6385989 1.6609731 1.8150966 1.6329336 1.8448539 2.4767666 1.6959950 1.4593493 2.2657425 2.9259293 2.6718586 2.5035567 1.6571526 1.9163327 2.1676266 2.1661132 1.7131006 0.0831894 1.9044585 1.0848824 2.0343653 1.6426855 2.0139899 1.8847325 1.4969261 1.5185183 0.3316013 1.4905191 1.3756729 0.0000000 1.7429280 2.0509415 1.1908001 1.3203552 2.6107683 1.6329336 3.1914456 1.1782358 1.2778058 1.6018706 1.5925333 1.6137707 1.7269761 2.0715431 1.7001606 1.8823002 1.8323758 1.8394826 1.8394826 1.9558500 1.9369073 1.5470060 1.9256174 2.7043304 1.8771754 1.8561522 1.9311429 1.7649149 2.2657425 2.3027598 2.9259293 2.0091972 2.5886063 1.6571526 1.4890968 1.4812600 2.6094842 1.0134196 2.1661132 2.5063907 3.1514783 
QVW56518.2_China_Gemykibivirus               1.7226870 1.7160406 1.6943382 1.7316145 1.6675709 1.3902212 1.3845915 1.5221506 1.7069357 1.7404511 0.7046284 1.6981745 0.8390005 1.5082678 0.9563353 1.0538603 0.8153739 1.0394341 1.3435033 2.0320303 2.0792335 1.4270464 1.6937679 1.3331999 1.0536836 2.2034896 1.8363968 2.6035937 1.2487347 1.0524276 2.1413266 0.9181931 1.0743451 1.1459406 1.3432670 1.5257193 1.9514532 1.2034777 1.1875560 1.7429280 0.0000000 1.3533513 1.6366087 1.8964806 1.3087952 1.5082678 1.6329379 1.6983599 1.8458733 0.9164722 0.9082441 0.7417697 1.3356018 1.5978622 1.7135298 1.8144561 1.2578051 1.2722731 1.2722731 1.2270751 1.0093749 0.7045099 1.6828952 1.0796260 1.3850469 1.1779620 1.2093065 2.5829869 1.3435033 1.3547185 2.0320303 1.4890978 2.2726511 1.6937679 1.0505996 0.9887099 1.2679838 0.6281123 2.2034896 1.0624848 1.9000782 
QVW56520.2_China_Gemyduguivirus              2.0096636 2.1371312 2.0129410 2.0516159 1.8240055 1.8336723 0.2405769 1.7912896 1.8272608 1.7749279 1.1656353 1.5774772 1.2972812 1.5145424 1.6220375 1.8530431 1.4355060 1.3563194 1.9746689 2.5036127 2.3608853 2.0654190 1.8496622 1.8456147 1.7549057 2.0431547 1.9963697 3.3120133 0.2243147 0.1794022 2.1075627 1.3246469 1.3542119 1.0844682 1.2182663 1.9408665 2.2094035 1.6323934 1.6184957 2.0509415 1.3533513 0.0000000 1.8921761 2.1939756 1.6344543 1.5145424 0.3645572 1.9070074 2.0872496 1.2531460 1.2580716 1.1345721 1.8081367 1.8753889 1.8338483 1.9932701 0.2596008 0.2471106 0.2471106 0.2162677 1.5319445 1.2051054 1.8713527 1.4526472 1.8465789 1.4164974 1.7247980 3.4627888 1.9746689 1.9868154 2.5036127 1.8411975 2.5379491 1.8496622 1.3982730 1.3973239 2.3039990 0.9088872 2.0431547 1.5797866 0.5316564 
QTE03587.2_China_Gemykrogvirus               1.4718844 1.5380572 1.4748527 1.5047084 1.7283988 1.4527149 1.9602283 1.7772125 1.9144038 1.8872012 1.5500916 1.6431697 1.7187607 1.5943517 1.9955102 2.6621271 1.8586108 1.4089765 2.2443338 2.4796146 2.3870125 2.6011741 1.8138669 2.3786654 2.1701966 2.1016434 1.8515988 1.6830686 1.7412647 1.2439811 1.9183933 1.5709417 2.0130449 1.8603448 1.3980643 1.7043012 1.3003452 1.4536392 1.4660707 1.1908001 1.6366087 1.8921761 0.0000000 1.2704856 2.8021762 1.5943517 2.9878665 1.3251181 1.4329362 1.7031988 1.6935498 1.6274071 1.4521041 1.8796725 1.8463842 2.0674895 1.8531646 1.8527869 1.8527869 1.8415993 2.1912818 1.6252787 1.8690570 2.8256755 1.4816497 1.7559325 2.4197645 1.5904636 2.2443338 2.2584318 2.4796146 1.8270351 2.6533843 1.8138669 1.4768790 1.4312096 3.1949588 1.0125276 2.1016434 2.4530729 2.9132453 
QTE03637.1_China_Gemykrogvirus               1.4883570 1.4994211 1.5642166 1.5396460 2.0800339 1.7704193 2.1516811 2.1765697 1.9304827 2.0207660 1.8142569 2.0912739 1.9825461 1.8700745 1.9908665 2.6423269 2.0770939 1.5320142 2.4769001 2.8869059 2.7976743 2.7220677 1.9119541 2.0780672 2.5755137 2.4409681 2.0353409 1.8034403 1.8803651 1.0296380 1.9882509 1.6973013 2.0190308 2.0462168 1.6115592 1.8204983 1.3997505 1.6437463 1.5312955 1.3203552 1.8964806 2.1939756 1.2704856 0.0000000 2.6375338 1.8700745 3.1632514 1.0559566 1.2100580 1.9036747 1.8890076 1.7902888 1.8751722 2.3276108 1.9082868 2.0657740 2.0134940 1.9850558 1.9850558 2.0360763 1.9579531 1.7998627 2.1611909 2.9271266 1.9710361 2.0403639 2.0797368 0.0097937 2.4769001 2.5240355 2.8869059 2.1916123 3.1124864 1.9119541 1.7139692 1.6570224 2.4411179 0.9548702 2.4409681 2.5909806 3.1489545 
QNI80852.1_Brazil_Gemykibivirus              2.5352370 2.7680685 2.5758506 2.5205846 2.5447786 1.9213437 1.5217391 1.8938957 2.4063390 2.4360673 0.5709334 2.1426747 1.5203734 2.1631793 1.4195554 1.0237208 1.2861806 1.2808830 1.2728554 1.8060432 1.8354807 1.1818963 2.2374196 1.7694585 1.0185768 2.6659889 2.6977697 2.4338944 1.4265312 3.3182506 2.4569969 1.0878965 1.5606962 1.3805696 1.7346278 2.3141823 2.8532288 1.9979123 1.7789169 2.6107683 1.3087952 1.6344543 2.8021762 2.6375338 0.0000000 2.1631793 1.2854180 2.5711907 3.0156225 1.2612165 1.2595795 0.6415361 1.8637691 2.0738798 2.4789973 2.7120069 1.3515661 1.3731441 1.3731441 1.3676450 1.4917509 0.7287142 2.5990769 0.5859183 2.1665397 1.7147661 1.5516085 2.5247302 1.2728554 1.3117664 1.8060432 1.9372396 1.7311698 2.2374196 1.2179519 1.1938141 1.3249535 2.7442346 2.6659889 1.3775335 1.3820909 
QKQ15111.1_Unknown_Gemykroznavirus           1.7894543 1.8436653 1.7836967 1.8516492 1.6829577 1.5748468 1.5213921 1.6442983 0.9551168 0.9601233 1.6202851 0.2472646 1.4966689 0.0000010 1.6496491 2.3038824 1.7325546 1.5675072 2.2642319 2.0139062 1.9325127 2.3827692 1.8497550 1.6269562 1.8112157 1.7741870 1.1087338 2.2629070 1.4447198 1.2838270 1.6537381 1.7301080 1.6566140 1.6484547 0.2316131 1.7085614 1.8180450 1.5731045 1.6649113 1.6329336 1.5082678 1.5145424 1.5943517 1.8700745 2.1631793 0.0000000 2.1682041 1.6154234 1.9640645 1.3599308 1.3520725 1.6573127 1.5587087 1.7475144 0.9435812 1.0833935 1.4304931 1.3836780 1.3836780 1.4913292 1.6590579 1.6700678 1.1891254 1.9758578 1.6194823 1.5875268 1.8162265 2.3688953 2.2642319 2.2648798 2.0139062 1.7242474 1.9013511 1.8497550 1.6490362 1.5719576 2.2539298 1.3343953 1.7741870 1.8547307 2.4077887 
